1:ItNr	2:Metric	3a:Time	3b:StepSize	4:||Gradient||	Time[ms]
0	-1.065390	0.000000	172.115643	0.025783	62.2
1	-1.045386	0.000000	172.115643	0.018085	3.6
2	-1.115810	1.000000	164.292205	0.018351	3.2
3	-1.107026	2.000000	157.149065	0.020426	3.8
4	-1.073745	3.000000	150.601188	0.030117	3.4
5	-1.065878	4.000000	144.577140	0.029647	3.4
6	-1.062762	5.000000	139.016481	0.016425	3.2
7	-1.124251	6.000000	133.867722	0.018883	3.1
8	-1.099513	5.632917	135.712830	0.021997	3.7
9	-1.119837	6.632917	130.801556	0.021902	4.3
10	-1.084076	7.632917	126.233333	0.022996	3.8
11	-1.118666	8.632917	121.973431	0.025835	4.2
12	-1.143051	9.632917	117.991654	0.021261	3.7
13	-1.155205	10.632917	114.261626	0.015893	4.4
14	-1.159929	11.632917	110.760204	0.021041	4.3
15	-1.116906	12.632917	107.466995	0.017985	4.1
16	-1.108346	13.632917	104.363965	0.022773	4.0
17	-1.181769	14.632917	101.435101	0.018979	3.9
18	-1.113630	15.632917	98.666140	0.022229	4.4
19	-1.148669	16.632917	96.044336	0.030527	3.9
20	-1.086444	17.632917	93.558261	0.020457	4.1
21	-1.116856	18.632917	91.197641	0.023595	3.9
22	-1.119316	18.265833	92.050218	0.020985	4.0
23	-1.126243	19.265833	89.764155	0.022081	3.9
24	-1.175814	20.265833	87.588889	0.026728	3.9
25	-1.161548	21.265833	85.516556	0.027030	4.2
26	-1.136980	22.265833	83.540018	0.021851	3.9
27	-1.142749	23.265833	81.652783	0.021386	3.4
28	-1.145652	22.898750	82.335568	0.025479	3.4
29	-1.118476	23.898750	80.501762	0.019088	3.2
30	-1.098260	24.898750	78.747864	0.019771	3.2
31	-1.174308	25.898750	77.068760	0.016976	3.3
32	-1.107921	26.068840	76.790261	0.018653	3.7
33	-1.150320	27.068840	75.192756	0.020666	3.6
34	-1.161588	28.068840	73.660362	0.023341	3.6
35	-1.088072	29.068840	72.189181	0.014579	3.4
36	-1.175841	30.068840	70.775615	0.016261	3.5
37	-1.139929	30.995094	69.514799	0.019779	3.8
38	-1.129690	31.995094	68.203077	0.017038	3.4
39	-1.111950	32.995094	66.939942	0.023940	3.9
40	-1.154114	33.995094	65.722744	0.031841	3.6
41	-1.156996	34.995094	64.549021	0.023982	3.2
42	-1.162497	35.995094	63.416484	0.017544	3.8
43	-1.150719	36.995094	62.323004	0.023640	3.3
44	-1.123199	37.995094	61.266594	0.024701	3.7
45	-1.154131	38.995094	60.245401	0.018676	4.2
46	-1.171932	39.995094	59.257692	0.021252	3.5
47	-1.149732	40.995094	58.301847	0.018719	3.4
48	-1.193838	41.995094	57.376349	0.014811	3.1
49	-1.146179	42.995094	56.479775	0.017361	3.3
50	-1.206596	42.640858	56.794151	0.020569	3.8
51	-1.176316	43.640858	55.915540	0.022773	3.6
52	-1.129530	44.640858	55.063700	0.031064	3.3
53	-1.179498	45.640858	54.237424	0.020264	4.0
54	-1.162894	46.640858	53.435580	0.018365	3.5
55	-1.166011	46.273775	53.727155	0.017974	3.8
56	-1.184052	47.273775	52.940218	0.023193	3.7
57	-1.163825	48.273775	52.176000	0.031257	3.3
58	-1.157444	49.273775	51.433533	0.024162	3.3
59	-1.217038	50.273775	50.711900	0.025351	3.3
60	-1.195083	51.273775	50.010236	0.014784	3.3
61	-1.170264	52.273775	49.327724	0.016990	3.2
62	-1.137338	53.273775	48.663590	0.017020	3.3
63	-1.170749	54.273775	48.017102	0.020548	3.1
64	-1.152961	55.273775	47.387566	0.024249	3.3
65	-1.168521	56.273775	46.774323	0.022296	3.7
66	-1.171740	57.273775	46.176750	0.021634	3.4
67	-1.147079	58.273775	45.594253	0.032479	3.1
68	-1.162228	59.273775	45.026268	0.018038	3.0
69	-1.144762	60.273775	44.472261	0.016487	2.9
70	-1.156516	61.273775	43.931721	0.018003	3.3
71	-1.199355	62.273775	43.404163	0.014425	3.2
72	-1.135637	63.273775	42.889126	0.013371	3.2
73	-1.131503	64.273749	42.386180	0.020152	3.2
74	-1.147034	65.273749	41.894882	0.013156	3.0
75	-1.202941	66.271808	41.415763	0.024208	3.0
76	-1.140371	67.271808	40.946578	0.019477	3.1
77	-1.149431	68.271808	40.487905	0.020955	3.7
78	-1.235151	69.271808	40.039394	0.016876	3.0
79	-1.171541	70.271808	39.600711	0.016264	3.3
80	-1.186958	71.271799	39.171540	0.018016	3.6
81	-1.178616	70.904716	39.327998	0.018466	3.2
82	-1.186037	71.904716	38.904683	0.021483	2.9
83	-1.182832	72.904716	38.490383	0.015547	2.9
84	-1.171153	73.904716	38.084815	0.019580	2.9
85	-1.167009	74.904716	37.687704	0.017271	2.9
86	-1.136415	75.904716	37.298789	0.022752	3.6
87	-1.146866	76.904716	36.917818	0.017741	3.2
88	-1.176616	77.904716	36.544552	0.017356	3.2
89	-1.154904	78.904598	36.178800	0.013558	2.8
90	-1.173761	79.833995	35.845337	0.017834	2.8
91	-1.201499	80.833995	35.493339	0.013065	2.8
92	-1.152032	81.186701	35.370831	0.016794	3.8
93	-1.172596	82.143866	35.042593	0.023061	4.0
94	-1.189253	83.143866	34.706110	0.024778	3.5
95	-1.204679	84.143866	34.376028	0.021406	3.4
96	-1.145957	85.143866	34.052166	0.017033	3.4
97	-1.178357	86.143866	33.734348	0.019602	3.1
98	-1.180090	87.143866	33.422409	0.013650	2.9
99	-1.160721	88.110963	33.126172	0.013433	2.8
100	-1.166225	89.110963	32.825328	0.015827	2.9
101	-1.162590	90.110757	32.529960	0.019495	5.1
102	-1.160031	91.110626	32.239839	0.021740	3.4
103	-1.150024	92.110626	31.954810	0.031919	4.0
104	-1.147084	93.110626	31.674776	0.018549	3.7
105	-1.231969	94.110626	31.399608	0.016822	3.2
106	-1.185006	95.110626	31.129179	0.016697	3.1
107	-1.159960	96.110626	30.863369	0.018724	2.9
108	-1.155216	95.749371	30.958869	0.021670	3.0
109	-1.207419	96.749371	30.695947	0.020084	3.6
110	-1.150064	97.749371	30.437454	0.023350	3.8
111	-1.154514	98.749371	30.183278	0.021205	3.3
112	-1.190960	99.749371	29.933311	0.013200	3.5
113	-1.178194	100.736530	29.690583	0.014328	3.2
114	-1.193191	100.369446	29.780382	0.015294	3.1
115	-1.111864	101.369446	29.537018	0.018616	3.5
116	-1.190961	102.369446	29.297598	0.012582	3.4
117	-1.243983	103.369446	29.062029	0.024671	3.2
118	-1.176741	104.369446	28.830218	0.018270	3.1
119	-1.167406	105.369446	28.602076	0.021383	3.0
120	-1.152900	106.369446	28.377516	0.024606	2.9
121	-1.202856	107.369446	28.156455	0.016200	3.2
122	-1.199163	108.369446	27.938811	0.019632	3.6
123	-1.180929	109.369340	27.724529	0.020953	3.1
124	-1.196324	110.369340	27.513486	0.016153	3.8
125	-1.191986	111.367388	27.306035	0.020938	3.7
126	-1.217206	112.367388	27.101292	0.024775	4.1
127	-1.196160	113.367388	26.899596	0.020710	4.5
128	-1.203617	114.367388	26.700881	0.015820	3.6
129	-1.207452	115.367388	26.505080	0.014130	3.8
130	-1.136283	115.000376	26.576607	0.020000	3.6
131	-1.144645	116.000376	26.382617	0.017279	3.8
132	-1.178322	117.000376	26.191439	0.020023	4.2
133	-1.184947	118.000376	26.003012	0.016745	3.7
134	-1.182414	119.000376	25.817277	0.012731	3.9
135	-1.147988	120.000178	25.634212	0.016320	3.4
136	-1.177688	120.999828	25.453753	0.019931	3.2
137	-1.164066	121.999828	25.275754	0.022773	4.3
138	-1.132914	122.999657	25.100258	0.025156	4.1
139	-1.159830	123.999657	24.927152	0.016654	4.0
140	-1.189940	124.999657	24.756418	0.020147	4.1
141	-1.159247	125.999657	24.588006	0.020619	4.0
142	-1.226091	126.999657	24.421871	0.024884	3.9
143	-1.193170	127.999657	24.257965	0.015481	3.9
144	-1.124044	128.999657	24.096245	0.015329	3.4
145	-1.141792	129.999651	23.936668	0.017526	3.3
146	-1.185659	130.999651	23.779189	0.025990	3.1
147	-1.196399	131.999651	23.623770	0.019199	3.7
148	-1.229041	132.999651	23.470368	0.015054	3.6
149	-1.173057	133.999651	23.318946	0.016045	3.4
150	-1.226300	134.999651	23.169465	0.021005	3.4
151	-1.219414	135.999651	23.021889	0.015870	3.6
152	-1.194213	136.999651	22.876180	0.016671	3.4
153	-1.223532	136.632568	22.929453	0.016285	3.9
154	-1.197937	137.632568	22.784908	0.013869	3.5
155	-1.219772	137.267460	22.837471	0.012415	3.4
156	-1.172819	136.900380	22.890562	0.014884	3.1
157	-1.182961	137.900379	22.746507	0.015224	3.3
158	-1.174907	138.900379	22.604252	0.020284	3.4
159	-1.181491	139.900378	22.463766	0.018840	4.0
160	-1.166723	140.900378	22.325016	0.019731	3.8
161	-1.163135	141.897096	22.188416	0.013621	3.2
162	-1.178091	142.897096	22.053036	0.012770	3.2
163	-1.226718	143.884815	21.920930	0.016783	3.1
164	-1.182350	144.884815	21.788785	0.013724	3.5
165	-1.202418	145.884815	21.658223	0.013543	3.9
166	-1.169504	145.584123	21.697317	0.015262	3.6
167	-1.165701	145.217044	21.745234	0.023844	3.8
168	-1.188924	146.217044	21.615192	0.030652	3.3
169	-1.173092	147.217044	21.486696	0.024382	3.3
170	-1.182713	148.217044	21.359719	0.017533	3.8
171	-1.205363	147.849961	21.406155	0.016785	3.4
172	-1.162261	148.849883	21.280135	0.012657	3.5
173	-1.179046	149.849883	21.155581	0.014914	3.7
174	-1.185792	150.737681	21.046217	0.016410	3.3
175	-1.173491	151.737681	20.924378	0.018873	3.8
176	-1.161199	151.699407	20.929015	0.015444	3.7
177	-1.153294	151.377590	20.968088	0.018796	3.4
178	-1.200016	151.010640	21.012819	0.018555	3.2
179	-1.228491	152.010640	20.891365	0.019671	3.1
180	-1.151853	151.643557	20.935786	0.017962	3.2
181	-1.195985	152.643557	20.815218	0.016408	3.5
182	-1.155376	153.643557	20.696031	0.018658	3.7
183	-1.187360	154.643557	20.578201	0.012446	3.5
184	-1.168486	155.643557	20.461706	0.013738	3.8
185	-1.231097	156.643524	20.346526	0.018115	3.3
186	-1.211155	156.276444	20.388656	0.014951	3.4
187	-1.195441	157.276444	20.274291	0.015071	3.1
188	-1.199916	158.275263	20.161334	0.013556	3.1
189	-1.164789	159.275263	20.049498	0.012183	3.6
190	-1.183378	160.160515	19.951525	0.019513	3.4
191	-1.216970	161.160515	19.841998	0.020555	3.4
192	-1.179052	160.793432	19.882063	0.021440	3.5
193	-1.202072	161.793432	19.773295	0.015097	3.4
194	-1.203235	162.793432	19.665711	0.020361	3.1
195	-1.183077	163.793432	19.559291	0.015966	4.4
196	-1.180913	164.793432	19.454017	0.013720	3.7
197	-1.140252	165.793432	19.349869	0.015028	3.7
198	-1.214037	166.793407	19.246834	0.018750	3.3
199	-1.217633	166.504119	19.276529	0.015125	3.3
200	-1.222244	166.285727	19.299007	0.020795	3.7
201	-1.219820	167.285727	19.196508	0.018759	3.9
202	-1.175231	168.285727	19.095093	0.017072	3.8
203	-1.228462	169.285516	18.994764	0.018571	3.4
204	-1.181091	168.918433	19.031478	0.024495	3.2
205	-1.155481	169.918433	18.931794	0.018802	3.5
206	-1.207702	169.555295	18.967872	0.022537	4.0
207	-1.190463	170.555295	18.868852	0.010266	3.6
208	-1.206021	171.555178	18.770871	0.020639	3.2
209	-1.254447	172.465633	18.682535	0.017669	3.1
210	-1.147364	173.465633	18.586464	0.018947	2.9
211	-1.150183	174.465633	18.491376	0.018903	3.2
212	-1.204437	175.465633	18.397256	0.015404	3.7
213	-1.243783	176.465633	18.304089	0.014545	3.6
214	-1.255428	177.425382	18.215555	0.017009	3.7
215	-1.170410	177.058298	18.249316	0.019874	3.6
216	-1.163252	178.058298	18.157638	0.015467	3.4
217	-1.209673	179.058298	18.066876	0.015035	3.4
218	-1.149698	179.973113	17.984637	0.019085	3.1
219	-1.176805	180.973113	17.895592	0.014616	2.9
220	-1.189614	181.972978	17.807437	0.016691	4.1
221	-1.172823	181.605895	17.839701	0.016048	4.2
222	-1.240272	182.605895	17.752082	0.017942	3.5
223	-1.168297	183.605895	17.665319	0.017639	3.3
224	-1.195582	183.248493	17.696231	0.013902	3.3
225	-1.237163	184.039832	17.627933	0.017514	4.2
226	-1.170713	185.039280	17.542424	0.016451	4.5
227	-1.192352	186.039280	17.457695	0.017827	3.7
228	-1.161693	185.688719	17.487304	0.018877	3.2
229	-1.159892	186.688719	17.403105	0.013258	3.3
230	-1.168248	187.315320	17.350757	0.015189	3.5
231	-1.190861	186.954701	17.380845	0.012126	4.4
232	-1.195547	186.953542	17.380942	0.012903	4.2
233	-1.187960	187.897838	17.302374	0.012133	3.9
234	-1.174794	187.531660	17.332757	0.017655	4.1
235	-1.156789	188.297081	17.269369	0.013900	4.3
236	-1.210269	189.297081	17.187250	0.016947	3.9
237	-1.190267	189.111735	17.202411	0.016397	3.4
238	-1.176175	190.111735	17.120927	0.017680	3.6
239	-1.185466	189.744651	17.150748	0.015840	3.4
240	-1.183270	190.744651	17.069751	0.016710	3.0
241	-1.168488	190.377568	17.099395	0.018898	3.7
242	-1.183933	191.377568	17.018881	0.020063	3.3
243	-1.152271	192.377568	16.939121	0.019924	3.5
244	-1.167118	193.377568	16.860106	0.019077	3.4
245	-1.191945	194.377256	16.781849	0.015578	3.4
246	-1.160825	195.377076	16.704304	0.015267	3.6
247	-1.223550	196.377076	16.627459	0.016309	3.4
248	-1.224962	197.377076	16.551318	0.017587	4.5
249	-1.184601	197.010178	16.579173	0.019578	4.4
250	-1.207275	198.010178	16.503473	0.021579	4.0
251	-1.225592	197.643095	16.531181	0.016797	3.8
252	-1.206808	198.643095	16.455917	0.021536	3.8
253	-1.166448	199.643095	16.381335	0.016910	4.1
254	-1.223236	200.643095	16.307427	0.017206	3.5
255	-1.174898	201.643095	16.234182	0.017593	3.1
256	-1.157580	202.643095	16.161592	0.017223	3.6
257	-1.201273	202.276011	16.188163	0.018952	5.2
258	-1.233738	203.276011	16.115984	0.015816	4.5
259	-1.183595	202.908944	16.142403	0.015939	3.6
260	-1.186183	202.541861	16.168911	0.015653	3.7
261	-1.171445	203.541860	16.096903	0.018841	4.2
262	-1.172102	204.541860	16.025533	0.012641	4.7
263	-1.139573	204.174777	16.051658	0.017709	4.7
264	-1.180154	205.174777	15.980688	0.020663	4.6
265	-1.187614	206.174376	15.910371	0.017256	4.5
266	-1.177473	206.124268	15.913881	0.018643	4.1
267	-1.174020	207.124268	15.844121	0.013931	4.2
268	-1.192994	206.757185	15.869657	0.016257	4.3
269	-1.215198	206.390101	15.895276	0.015508	4.0
270	-1.164191	206.023018	15.920978	0.015267	4.4
271	-1.215235	207.023018	15.851156	0.019172	3.4
272	-1.203472	206.655935	15.876715	0.016954	3.3
273	-1.230418	207.578705	15.812621	0.018399	4.6
274	-1.180647	208.578705	15.743745	0.014936	3.4
275	-1.237990	209.578705	15.675465	0.017346	3.5
276	-1.205717	209.211622	15.700461	0.012522	3.8
277	-1.160817	208.897718	15.721898	0.013833	3.5
278	-1.225095	209.897718	15.653808	0.019864	3.7
279	-1.239834	210.897716	15.586305	0.012708	3.6
280	-1.202046	211.897248	15.519413	0.018617	3.4
281	-1.188623	212.895913	15.453149	0.021297	6.0
282	-1.214960	213.895913	15.387362	0.013037	5.0
283	-1.213874	214.895756	15.322143	0.020571	4.7
284	-1.237833	215.895755	15.257464	0.022465	3.6
285	-1.217292	216.895755	15.193329	0.022658	4.3
286	-1.201967	217.895755	15.129731	0.014242	3.7
287	-1.182215	218.895755	15.066663	0.015551	3.8
288	-1.220765	219.895754	15.004119	0.017734	3.9
289	-1.179539	220.895754	14.942092	0.017548	3.9
290	-1.205257	221.171760	14.925062	0.024252	3.9
291	-1.195980	222.171760	14.863685	0.015118	3.9
292	-1.209772	223.171760	14.802811	0.019631	3.6
293	-1.183604	222.807374	14.824935	0.014639	3.4
294	-1.186335	223.807374	14.764378	0.015952	3.3
295	-1.179396	223.507854	14.782464	0.016360	4.2
296	-1.198960	224.507851	14.722252	0.017801	4.3
297	-1.208148	225.507851	14.662529	0.020481	3.3
298	-1.178511	226.507851	14.603288	0.018035	3.4
299	-1.201387	227.507851	14.544524	0.014346	3.3
300	-1.204907	227.140768	14.566041	0.014536	3.6
301	-1.169626	228.140768	14.507575	0.017010	4.7
302	-1.187545	229.140765	14.449578	0.019707	3.7
303	-1.212540	230.140765	14.392042	0.014449	3.6
304	-1.202768	231.140765	14.334963	0.017378	3.2
305	-1.148752	230.773682	14.355863	0.013886	3.2
306	-1.178247	231.773500	14.299080	0.015790	4.8
307	-1.189840	231.406444	14.319874	0.021063	3.6
308	-1.245715	232.406444	14.263365	0.019670	3.7
309	-1.154193	233.406444	14.207299	0.015033	3.4
310	-1.173670	234.406333	14.151679	0.015832	3.6
311	-1.154359	234.040693	14.171968	0.020775	3.9
312	-1.204243	234.438840	14.149878	0.012380	3.9
313	-1.180649	235.438840	14.094700	0.016944	4.2
314	-1.247283	235.071757	14.114905	0.015742	3.7
315	-1.185522	234.704680	14.135168	0.018948	3.4
316	-1.220262	235.704680	14.080104	0.017684	3.8
317	-1.212130	236.704680	14.025467	0.020604	4.3
318	-1.224769	237.704680	13.971253	0.018438	3.5
319	-1.226877	238.704680	13.917456	0.018898	3.1
320	-1.176847	239.704680	13.864072	0.018093	3.4
321	-1.212491	240.704680	13.811096	0.018972	3.6
322	-1.135594	240.337596	13.830496	0.012007	5.8
323	-1.186597	239.970642	13.849943	0.021443	3.7
324	-1.217555	240.970642	13.797075	0.010981	4.2
325	-1.204944	240.736909	13.809396	0.014608	3.5
326	-1.215329	241.671538	13.760259	0.020881	3.6
327	-1.203784	242.671538	13.708072	0.018639	3.4
328	-1.187213	243.671538	13.656280	0.011017	2.9
329	-1.224827	243.304455	13.675246	0.023482	3.8
330	-1.204286	244.304455	13.623701	0.019808	4.2
331	-1.216328	245.304455	13.572542	0.019142	3.6
332	-1.228218	246.304455	13.521767	0.016326	3.2
333	-1.188754	247.304455	13.471370	0.015598	3.0
334	-1.190665	246.972976	13.488034	0.019681	3.1
335	-1.200060	246.605893	13.506536	0.016971	4.7
336	-1.227063	247.591686	13.456963	0.017614	4.1
337	-1.173086	248.591686	13.407047	0.016409	3.3
338	-1.191430	248.224603	13.425328	0.013769	3.9
339	-1.197877	249.224603	13.375646	0.015586	4.2
340	-1.159739	250.221321	13.326491	0.016842	4.8
341	-1.166679	251.220956	13.277554	0.013646	4.8
342	-1.193971	252.220460	13.228982	0.014323	4.7
343	-1.152061	251.961106	13.241551	0.016937	3.5
344	-1.166401	252.961106	13.193218	0.012647	3.6
345	-1.200124	252.594022	13.210919	0.015287	3.5
346	-1.190418	252.245267	13.227781	0.016582	3.5
347	-1.189412	253.245267	13.179547	0.017899	3.8
348	-1.212380	254.245267	13.131665	0.021946	4.3
349	-1.226048	253.878183	13.149201	0.016765	3.9
350	-1.247522	254.878183	13.101538	0.015964	3.6
351	-1.179447	254.511100	13.118994	0.017454	3.3
352	-1.157824	255.511100	13.071549	0.016963	3.9
353	-1.185036	256.511100	13.024447	0.013048	4.5
354	-1.205421	257.511100	12.977682	0.014419	4.3
355	-1.190829	257.144364	12.994793	0.011114	4.0
356	-1.200841	258.139709	12.948457	0.021639	4.7
357	-1.202859	257.772641	12.965507	0.013955	4.5
358	-1.195086	258.772641	12.919164	0.013701	3.9
359	-1.203061	259.754309	12.873991	0.018368	3.9
360	-1.206847	260.754309	12.828299	0.018792	3.4
361	-1.200556	260.387226	12.845034	0.019997	3.6
362	-1.161034	261.387226	12.799547	0.017052	4.0
363	-1.175470	262.387226	12.754380	0.017754	4.0
364	-1.231677	263.175274	12.719011	0.014120	3.5
365	-1.229936	264.088294	12.678277	0.018392	3.3
366	-1.191738	263.721483	12.694611	0.018274	3.2
367	-1.181538	264.721483	12.650181	0.014729	3.8
368	-1.191551	264.354400	12.666454	0.018255	4.1
369	-1.181767	265.354400	12.622221	0.012674	4.0
370	-1.201612	266.354400	12.578295	0.016136	3.7
371	-1.218847	267.353087	12.534731	0.017806	3.4
372	-1.171716	268.353087	12.491412	0.014664	3.5
373	-1.198179	269.353087	12.448390	0.015747	3.1
374	-1.230000	270.353087	12.405664	0.016963	3.0
375	-1.208857	271.098676	12.373998	0.014794	3.1
376	-1.246050	270.731709	12.389563	0.015509	4.3
377	-1.222748	271.731078	12.347266	0.018831	3.4
378	-1.242410	272.605847	12.310479	0.019641	3.6
379	-1.252849	273.605847	12.268692	0.020266	3.4
380	-1.220251	274.605847	12.227189	0.013402	3.5
381	-1.213806	274.238768	12.242391	0.018088	4.4
382	-1.200883	275.238764	12.201065	0.013706	3.5
383	-1.227609	276.238764	12.160017	0.012098	4.2
384	-1.185747	276.657483	12.142912	0.015840	3.8
385	-1.204411	277.657337	12.102259	0.014255	3.1
386	-1.219780	278.657337	12.061872	0.015712	3.3
387	-1.192101	279.657313	12.021755	0.015981	3.4
388	-1.212126	280.657313	11.981902	0.015628	3.2
389	-1.225207	280.566874	11.985496	0.013725	3.8
390	-1.191394	280.199791	12.000103	0.016428	4.0
391	-1.196741	281.199791	11.960394	0.010209	3.7
392	-1.165077	282.199790	11.920947	0.018694	3.2
393	-1.178274	282.981775	11.890280	0.017418	3.2
394	-1.207477	283.981775	11.851293	0.017165	3.8
395	-1.169875	283.614692	11.865575	0.015520	3.7
396	-1.205119	283.301752	11.877777	0.017922	3.4
397	-1.224141	283.764798	11.859731	0.016053	3.2
398	-1.204561	283.397715	11.874033	0.016167	3.2
399	-1.162675	284.397715	11.835152	0.014197	3.5
400	-1.186627	285.397715	11.796526	0.019201	3.7
401	-1.202502	286.395006	11.758254	0.017617	3.5
402	-1.192789	286.029057	11.772269	0.016852	3.6
403	-1.224180	287.029057	11.734050	0.016923	3.6
404	-1.218355	286.821124	11.741977	0.013304	3.5
405	-1.154163	286.475059	11.755192	0.017823	3.6
406	-1.221257	287.475058	11.717085	0.018133	3.5
407	-1.218008	288.475058	11.679224	0.015303	3.0
408	-1.152880	288.107975	11.693094	0.013907	3.4
409	-1.245581	289.084770	11.656259	0.016347	4.3
410	-1.242825	290.084766	11.618790	0.017294	3.5
411	-1.216037	291.084751	11.581561	0.020708	4.2
412	-1.189732	290.717668	11.595199	0.012589	4.0
413	-1.196799	291.717668	11.558121	0.015557	3.7
414	-1.196971	291.350587	11.571704	0.017514	3.2
415	-1.201723	292.350587	11.534775	0.022466	3.1
416	-1.187988	293.350587	11.498081	0.018516	3.2
417	-1.269362	294.350587	11.461620	0.014964	4.3
418	-1.184692	293.983579	11.474974	0.016703	4.3
419	-1.202868	294.983579	11.438659	0.017032	3.9
420	-1.232085	295.837519	11.407830	0.013663	3.8
421	-1.246158	296.837519	11.371938	0.018676	3.2
422	-1.210343	296.470435	11.385087	0.019041	3.8
423	-1.170373	297.470435	11.349338	0.018858	3.2
424	-1.200088	298.470435	11.313812	0.021018	3.7
425	-1.206801	299.470435	11.278508	0.018876	3.7
426	-1.202182	300.470435	11.243424	0.016880	3.3
427	-1.200262	301.470435	11.208558	0.010948	3.2
428	-1.236705	301.103352	11.221332	0.016488	3.2
429	-1.196141	300.761529	11.233252	0.016935	3.1
430	-1.174817	301.750492	11.198832	0.018247	3.7
431	-1.243723	301.383602	11.211577	0.019343	3.4
432	-1.202564	302.383602	11.176907	0.017442	3.8
433	-1.234784	302.016548	11.189608	0.018870	4.0
434	-1.198878	301.649465	11.202338	0.019343	4.1
435	-1.191432	302.649465	11.167726	0.015363	3.3
436	-1.232040	302.282384	11.180407	0.012420	3.2
437	-1.206507	303.273752	11.146226	0.017993	3.4
438	-1.179109	303.059594	11.153592	0.018251	4.0
439	-1.177780	302.692511	11.166241	0.013040	4.1
440	-1.193240	303.692511	11.131851	0.017052	4.4
441	-1.237518	303.400211	11.141881	0.014066	4.4
442	-1.129408	303.033128	11.154503	0.010924	3.5
443	-1.183551	304.029842	11.120297	0.015193	3.1
444	-1.220613	304.786066	11.094485	0.014889	3.1
445	-1.184417	305.786066	11.060534	0.018026	3.3
446	-1.188569	306.786066	11.026791	0.015540	4.1
447	-1.232306	306.419064	11.039151	0.013616	3.5
448	-1.266227	306.051981	11.051541	0.012559	3.6
449	-1.225423	307.051971	11.017853	0.019927	3.4
450	-1.228579	308.051971	10.984370	0.018338	3.4
451	-1.170458	309.051971	10.951089	0.013358	3.5
452	-1.185081	310.051806	10.918015	0.015865	4.0
453	-1.227890	311.051806	10.885134	0.018318	3.6
454	-1.222863	312.051806	10.852451	0.011590	3.5
455	-1.235828	311.684722	10.864426	0.018900	3.6
456	-1.228830	312.356304	10.842538	0.016292	3.2
457	-1.186636	312.123102	10.850129	0.014233	3.2
458	-1.148298	312.061874	10.852123	0.014012	3.1
459	-1.200637	311.695824	10.864063	0.019479	3.1
460	-1.223958	312.695824	10.831507	0.021876	4.0
461	-1.234751	313.695824	10.799144	0.019546	4.0
462	-1.184846	313.329637	10.810972	0.014862	3.9
463	-1.194764	314.329614	10.778733	0.013254	3.4
464	-1.169536	313.962531	10.790546	0.018281	3.2
465	-1.221801	313.595524	10.802382	0.016983	3.8
466	-1.160561	314.595524	10.770193	0.015801	3.7
467	-1.176583	315.595524	10.738195	0.017807	3.6
468	-1.215404	316.513076	10.709003	0.013253	4.3
469	-1.220760	317.512985	10.677370	0.021107	3.4
470	-1.206370	317.145901	10.688961	0.019821	3.3
471	-1.225399	316.778882	10.700576	0.018054	3.1
472	-1.202229	317.778882	10.668990	0.015513	3.1
473	-1.206385	318.778846	10.637591	0.021864	3.7
474	-1.242513	319.778846	10.606376	0.016450	4.5
475	-1.224414	320.038452	10.598302	0.020522	3.4
476	-1.247612	321.038452	10.567316	0.010849	3.3
477	-1.195711	320.671375	10.578669	0.011341	3.4
478	-1.202925	320.304292	10.590047	0.018225	3.4
479	-1.235159	319.937699	10.601434	0.019743	4.1
480	-1.191956	320.937699	10.570430	0.010148	3.6
481	-1.230214	321.829837	10.542923	0.012521	3.5
482	-1.187985	321.462754	10.554224	0.011207	4.0
483	-1.154440	322.462190	10.523512	0.013462	3.4
484	-1.198372	323.435348	10.493779	0.015594	3.7
485	-1.210874	323.681913	10.486273	0.018462	3.8
486	-1.173269	324.681913	10.455938	0.019298	3.8
487	-1.262718	324.314830	10.467053	0.018877	4.0
488	-1.203351	325.314830	10.436829	0.016282	3.7
489	-1.220074	326.314829	10.406779	0.013197	3.5
490	-1.190717	325.948789	10.417758	0.013087	3.0
491	-1.216616	326.948476	10.387827	0.015399	3.3
492	-1.162867	326.619494	10.397658	0.015773	3.7
493	-1.236334	326.252413	10.408649	0.015784	4.0
494	-1.229354	327.252413	10.378761	0.017161	3.4
495	-1.227845	326.885330	10.389712	0.012025	4.3
496	-1.197020	327.885169	10.359937	0.020402	3.6
497	-1.205241	327.760346	10.363645	0.014142	3.5
498	-1.205731	327.393262	10.374565	0.015166	4.3
499	-1.205297	328.393244	10.344872	0.011037	3.5
500	-1.194315	329.393241	10.315349	0.018466	3.9
501	-1.228743	329.039779	10.325765	0.012816	3.6
502	-1.278171	328.672737	10.336604	0.013285	3.5
503	-1.203843	328.507712	10.341484	0.017527	3.5
504	-1.195967	328.140628	10.352357	0.019448	3.1
505	-1.234919	329.140628	10.322791	0.012154	3.3
506	-1.218483	330.140618	10.293393	0.015746	3.6
507	-1.224750	329.773534	10.304165	0.018240	3.5
508	-1.196376	329.406451	10.314960	0.011954	3.2
509	-1.191042	330.406450	10.285607	0.019121	3.1
510	-1.210923	330.062686	10.295678	0.017798	3.1
511	-1.245870	331.062686	10.266434	0.019821	3.4
512	-1.254479	332.058621	10.237474	0.016975	3.8
513	-1.231554	333.058621	10.208560	0.019690	3.3
514	-1.195723	334.058621	10.179808	0.010907	3.8
515	-1.188763	335.058621	10.151217	0.013397	3.5
516	-1.177709	334.741814	10.160258	0.020682	3.7
517	-1.167191	335.741118	10.131797	0.019050	3.5
518	-1.186747	336.741118	10.103475	0.013941	3.5
519	-1.223223	337.741118	10.075311	0.018161	3.4
520	-1.202225	337.374035	10.085632	0.016733	3.6
521	-1.188167	337.006955	10.095973	0.018577	3.4
522	-1.239681	336.639872	10.106335	0.017553	3.6
523	-1.228055	337.639871	10.078156	0.012014	4.0
524	-1.200755	337.272800	10.088481	0.015547	3.8
525	-1.206058	336.951302	10.097543	0.016236	3.1
526	-1.196057	337.951131	10.069417	0.018167	3.1
527	-1.227386	338.951131	10.041442	0.018528	3.1
528	-1.194410	339.951131	10.013623	0.011968	3.6
529	-1.239448	340.951131	9.985957	0.011043	3.9
530	-1.171183	341.943255	9.958660	0.017072	3.9
531	-1.218199	341.576537	9.968732	0.015213	3.8
532	-1.187492	342.576537	9.941314	0.012994	3.5
533	-1.192935	343.538788	9.915072	0.015208	3.9
534	-1.184895	343.173447	9.925019	0.011332	4.1
535	-1.179720	342.806364	9.935034	0.018244	4.0
536	-1.211642	343.806364	9.907800	0.015778	3.5
537	-1.207014	344.806364	9.880715	0.011126	3.5
538	-1.177560	344.439287	9.890640	0.015565	3.8
539	-1.202614	345.377535	9.865311	0.015275	4.2
540	-1.217509	346.377535	9.838458	0.013139	3.6
541	-1.197407	346.010452	9.848299	0.017767	4.0
542	-1.199915	345.643369	9.858159	0.018024	3.4
543	-1.192699	345.276286	9.868039	0.013347	3.7
544	-1.202526	346.172128	9.843962	0.010539	3.9
545	-1.162674	345.819627	9.853422	0.014112	3.4
546	-1.235893	345.525252	9.861336	0.016665	3.7
547	-1.186305	346.525252	9.834504	0.017902	3.7
548	-1.227322	347.525252	9.807818	0.015082	4.0
549	-1.201396	348.525252	9.781276	0.013950	3.6
550	-1.197050	349.524963	9.754885	0.017934	3.6
551	-1.216329	350.524925	9.728630	0.015608	3.4
552	-1.257578	351.524925	9.702515	0.017956	3.3
553	-1.244482	352.524821	9.676542	0.014143	3.4
554	-1.162256	353.505058	9.651214	0.017679	3.5
555	-1.189462	354.505058	9.625512	0.011515	4.2
556	-1.235764	354.397183	9.628278	0.011480	3.6
557	-1.187582	355.388199	9.602927	0.015693	4.0
558	-1.228333	355.026223	9.612171	0.019394	3.6
559	-1.200569	354.659139	9.621564	0.020895	3.8
560	-1.212020	354.571048	9.623821	0.014667	4.3
561	-1.216808	355.571048	9.598264	0.024362	3.6
562	-1.198472	355.203965	9.607630	0.020942	3.2
563	-1.196536	356.203965	9.582159	0.013628	3.5
564	-1.176725	357.121144	9.558917	0.013902	3.4
565	-1.227002	357.835772	9.540885	0.017764	3.9
566	-1.174816	357.472264	9.550049	0.017133	3.8
567	-1.232970	358.472264	9.524882	0.018211	4.0
568	-1.200776	359.472264	9.499848	0.014414	4.0
569	-1.273684	360.472264	9.474944	0.013003	3.8
570	-1.236802	361.472264	9.450172	0.017194	3.6
571	-1.230560	361.105181	9.459250	0.018342	3.6
572	-1.213085	360.738097	9.468346	0.017056	3.4
573	-1.184912	361.738097	9.443608	0.015299	3.8
574	-1.210378	361.371020	9.452674	0.013365	4.0
575	-1.213391	362.371020	9.428017	0.014097	3.3
576	-1.198233	362.004094	9.437049	0.019261	3.2
577	-1.172071	363.004094	9.412474	0.014732	3.1
578	-1.208187	364.003532	9.388040	0.013970	3.3
579	-1.217266	365.003532	9.363719	0.012937	3.5
580	-1.201794	365.216977	9.358544	0.015522	3.3
581	-1.167414	366.216926	9.334376	0.017630	3.5
582	-1.170599	366.871051	9.318634	0.017346	3.9
583	-1.188256	367.871051	9.294671	0.014253	3.7
584	-1.209759	367.504014	9.303452	0.017123	4.2
585	-1.211151	367.268746	9.309089	0.017710	3.2
586	-1.229759	366.979388	9.316032	0.016078	3.4
587	-1.222281	367.496167	9.303640	0.011407	4.4
588	-1.202068	367.202947	9.310667	0.016733	3.5
589	-1.243100	368.202370	9.286759	0.011968	3.2
590	-1.232758	369.201151	9.262988	0.011562	3.1
591	-1.203934	370.201151	9.239309	0.020135	3.1
592	-1.245370	371.201151	9.215752	0.016078	3.3
593	-1.206582	372.201151	9.192314	0.014399	4.0
594	-1.199932	373.201151	9.168995	0.014599	3.5
595	-1.193419	374.201151	9.145794	0.014308	4.2
596	-1.197275	375.201151	9.122711	0.018677	3.6
597	-1.219406	374.842749	9.130971	0.017059	3.2
598	-1.216468	375.499225	9.115853	0.015086	3.2
599	-1.230552	376.499225	9.092920	0.015097	3.1
600	-1.212591	376.132141	9.101325	0.016759	3.2
601	-1.184049	377.054132	9.080244	0.015586	3.5
602	-1.204820	376.687049	9.088625	0.014850	3.9
603	-1.253707	377.687049	9.065829	0.019720	3.5
604	-1.246802	377.319965	9.074184	0.014985	3.9
605	-1.210111	376.952884	9.082554	0.019805	3.5
606	-1.239563	377.952884	9.059788	0.015577	4.6
607	-1.225858	378.925461	9.037755	0.016526	3.6
608	-1.201385	379.924485	9.015235	0.013922	3.2
609	-1.213620	379.557419	9.023497	0.014215	3.1
610	-1.180978	379.780138	9.018482	0.011751	3.0
611	-1.261634	379.413355	9.026743	0.019392	3.4
612	-1.216327	380.413355	9.004256	0.016094	4.4
613	-1.180427	381.413355	8.981880	0.015323	3.6
614	-1.229159	381.046272	8.990081	0.020065	3.0
615	-1.198808	382.024821	8.968253	0.014225	3.0
616	-1.244110	383.024821	8.946056	0.019097	3.1
617	-1.216244	383.177796	8.942670	0.013784	3.2
618	-1.204326	384.177796	8.920599	0.012471	3.6
619	-1.159489	383.815809	8.928575	0.014118	3.6
620	-1.240264	383.469300	8.936225	0.020353	4.0
621	-1.193655	384.469300	8.914185	0.011844	3.9
622	-1.221182	385.469290	8.892255	0.017724	3.4
623	-1.175518	385.102207	8.900293	0.014017	3.6
624	-1.245693	386.102207	8.878430	0.015029	3.5
625	-1.192838	385.735124	8.886443	0.014508	3.7
626	-1.216074	385.368040	8.894470	0.014620	3.8
627	-1.184704	385.395487	8.893870	0.017062	3.5
628	-1.191905	386.395487	8.872039	0.013649	3.9
629	-1.188930	387.395487	8.850314	0.013610	3.0
630	-1.180188	387.028404	8.858277	0.013502	3.0
631	-1.175690	387.163141	8.855353	0.014533	3.6
632	-1.225934	386.796665	8.863311	0.014283	3.5
633	-1.220836	387.654195	8.844712	0.023203	3.5
634	-1.267661	388.568238	8.824973	0.023300	3.9
635	-1.247782	389.568238	8.803478	0.014867	3.2
636	-1.223197	389.546470	8.803945	0.022573	3.1
637	-1.172996	389.185202	8.811699	0.012238	3.1
638	-1.279941	390.185202	8.790269	0.011424	2.9
639	-1.189045	391.185179	8.768943	0.017411	3.1
640	-1.192727	392.181477	8.747799	0.022331	4.4
641	-1.240107	393.181477	8.726678	0.020525	4.3
642	-1.252857	394.181477	8.705659	0.015750	3.5
643	-1.181899	395.171490	8.684950	0.013394	3.4
644	-1.212016	394.822236	8.692244	0.016697	3.2
645	-1.241666	395.796044	8.671936	0.021964	4.3
646	-1.158205	396.796044	8.651179	0.015490	4.4
647	-1.237948	396.428960	8.658787	0.015015	3.8
648	-1.225088	396.087851	8.665869	0.016781	3.7
649	-1.267401	397.087851	8.645141	0.019751	3.3
650	-1.180382	396.720768	8.652738	0.013998	4.0
651	-1.205676	396.353685	8.660349	0.020713	3.8
652	-1.191117	397.353685	8.639648	0.016077	3.5
653	-1.255083	398.348658	8.619149	0.017282	3.3
654	-1.219083	399.348658	8.598644	0.013042	3.1
655	-1.163714	400.348658	8.578237	0.016764	3.2
656	-1.252012	399.981575	8.585717	0.014671	3.7
657	-1.171870	400.981573	8.565370	0.019377	3.4
658	-1.235622	401.981573	8.545120	0.018295	3.6
659	-1.193998	401.614490	8.552543	0.014028	3.7
660	-1.170734	401.248863	8.559948	0.012986	3.3
661	-1.204572	402.152307	8.541673	0.019561	3.2
662	-1.225083	401.790011	8.548992	0.015058	3.2
663	-1.255830	402.790011	8.528819	0.019102	3.4
664	-1.240242	402.430691	8.536057	0.013926	3.9
665	-1.211659	403.430691	8.515945	0.011844	3.6
666	-1.258088	403.063925	8.523310	0.014654	3.7
667	-1.227383	404.063925	8.503259	0.010019	4.2
668	-1.205310	403.696843	8.510608	0.014756	4.0
669	-1.170302	404.696840	8.490616	0.019139	4.0
670	-1.213097	405.696840	8.470718	0.020111	3.6
671	-1.221125	406.696840	8.450912	0.015343	3.0
672	-1.197738	407.437973	8.436294	0.019515	3.8
673	-1.192189	408.437973	8.416649	0.016616	3.6
674	-1.223760	408.070890	8.423849	0.014231	3.5
675	-1.219182	409.067954	8.404320	0.020255	4.1
676	-1.173952	410.067954	8.384823	0.018719	3.6
677	-1.204356	411.067954	8.365417	0.015681	3.3
678	-1.156232	412.067954	8.346100	0.013995	3.1
679	-1.206713	411.700870	8.353181	0.016299	3.2
680	-1.221812	411.335147	8.360247	0.013493	3.9
681	-1.216965	412.310978	8.341419	0.017155	3.8
682	-1.170591	411.961361	8.348155	0.016395	3.7
683	-1.250576	412.961361	8.328918	0.016369	4.6
684	-1.238085	412.594374	8.335967	0.015003	3.8
685	-1.230926	413.594372	8.316786	0.017462	3.3
686	-1.197906	414.594372	8.297693	0.014398	3.2
687	-1.255423	414.228321	8.304672	0.012360	3.3
688	-1.177365	415.228305	8.285635	0.016972	3.4
689	-1.220443	416.228278	8.266685	0.022941	3.8
690	-1.222944	415.861195	8.273631	0.018199	3.5
691	-1.227052	416.861195	8.254736	0.013463	4.3
692	-1.165897	417.861195	8.235926	0.012409	3.8
693	-1.217488	418.860332	8.217219	0.017056	3.6
694	-1.170249	418.493250	8.224082	0.016017	3.3
695	-1.266958	418.384469	8.226118	0.016792	3.3
696	-1.212302	419.384443	8.207439	0.016609	3.4
697	-1.219075	419.017518	8.214283	0.015487	4.2
698	-1.219137	420.015643	8.195692	0.014132	3.5
699	-1.252243	421.015643	8.177151	0.022593	3.4
700	-1.208489	422.013985	8.158723	0.016020	3.2
701	-1.186930	423.013985	8.140348	0.017276	3.2
702	-1.236678	422.646902	8.147084	0.011710	3.7
703	-1.233281	422.279818	8.153830	0.016534	3.8
704	-1.251146	423.279818	8.135478	0.017033	3.9
705	-1.208553	422.912734	8.142205	0.018863	4.2
706	-1.212360	423.912734	8.123904	0.018954	3.7
707	-1.220157	424.912734	8.105686	0.013348	3.3
708	-1.211269	424.551685	8.112254	0.015121	3.3
709	-1.220838	425.551684	8.094088	0.019210	3.2
710	-1.232403	426.551684	8.076002	0.017067	3.4
711	-1.160782	427.551684	8.057998	0.013877	4.0
712	-1.246348	428.541055	8.040263	0.012688	3.8
713	-1.254948	428.210920	8.046172	0.017428	3.9
714	-1.214621	427.843836	8.052753	0.018442	3.2
715	-1.195224	428.829322	8.035111	0.015994	3.3
716	-1.184791	429.829322	8.017288	0.013787	4.0
717	-1.246962	430.829322	7.999544	0.021633	3.6
718	-1.227185	430.462488	8.006044	0.018283	3.4
719	-1.201487	431.462488	7.988350	0.014601	3.4
720	-1.220563	432.459461	7.970786	0.012144	3.3
721	-1.215172	433.458740	7.953260	0.010470	3.6
722	-1.208251	434.458740	7.935798	0.012867	3.7
723	-1.192003	434.091662	7.942199	0.015585	3.8
724	-1.223846	435.091662	7.924785	0.017041	3.5
725	-1.241282	434.726255	7.931140	0.014614	3.5
726	-1.213987	435.726255	7.913774	0.013145	3.4
727	-1.251917	436.726255	7.896485	0.014521	3.2
728	-1.247817	437.726232	7.879271	0.020055	3.1
729	-1.191474	438.726232	7.862132	0.012629	3.6
730	-1.219912	439.610638	7.847037	0.020233	3.7
731	-1.226312	439.243561	7.853295	0.014815	3.5
732	-1.194135	440.239807	7.836333	0.017246	3.7
733	-1.249137	441.092334	7.821875	0.018126	3.7
734	-1.198220	442.092334	7.804985	0.018324	3.5
735	-1.248815	443.092334	7.788167	0.017002	3.2
736	-1.215407	444.092334	7.771421	0.014192	3.1
737	-1.227023	443.725251	7.777560	0.016532	3.2
738	-1.212716	443.385701	7.783247	0.019863	3.7
739	-1.207826	444.385701	7.766522	0.015954	3.4
740	-1.226671	445.385701	7.749870	0.016766	3.8
741	-1.222742	446.385701	7.733289	0.015745	4.4
742	-1.202841	447.385701	7.716778	0.016299	3.1
743	-1.211897	447.018618	7.722831	0.011024	3.9
744	-1.212079	448.018618	7.706365	0.018785	3.9
745	-1.231297	449.018618	7.689969	0.016090	3.3
746	-1.194628	448.677839	7.695548	0.014302	3.2
747	-1.210221	448.310755	7.701568	0.018576	3.3
748	-1.261926	447.943672	7.707596	0.014536	3.2
749	-1.227175	448.943672	7.691195	0.021322	3.8
750	-1.267024	448.576602	7.697207	0.016058	3.9
751	-1.229193	449.576602	7.680850	0.016482	4.0
752	-1.176740	450.576602	7.664563	0.013924	4.0
753	-1.226609	450.209518	7.670534	0.014118	3.8
754	-1.227656	451.208904	7.654300	0.015407	3.7
755	-1.300824	450.856057	7.660024	0.014680	3.3
756	-1.183751	450.488989	7.665987	0.015228	3.4
757	-1.203697	450.122482	7.671951	0.017293	3.9
758	-1.204881	451.107061	7.655951	0.013596	3.7
759	-1.157129	451.034691	7.657125	0.015325	3.7
760	-1.240566	452.034690	7.640938	0.015819	3.0
761	-1.252868	451.667715	7.646870	0.013578	3.4
762	-1.218395	451.300663	7.652813	0.014743	4.6
763	-1.245406	452.300660	7.636644	0.011554	3.8
764	-1.232039	451.933674	7.642570	0.016187	3.3
765	-1.230064	451.584594	7.648215	0.019039	3.9
766	-1.188013	452.584594	7.632065	0.013346	3.5
767	-1.238192	453.580650	7.616047	0.012669	3.7
768	-1.199346	453.281522	7.620850	0.011683	3.0
769	-1.192480	454.281522	7.604816	0.012681	3.4
770	-1.218403	454.002203	7.609288	0.017499	3.9
771	-1.271058	455.002160	7.593303	0.016930	3.7
772	-1.201159	454.635086	7.599163	0.016224	3.6
773	-1.188342	455.635086	7.583220	0.018002	3.9
774	-1.227027	456.635086	7.567343	0.017227	3.7
775	-1.219036	456.268002	7.573163	0.015183	4.3
776	-1.249816	457.268002	7.557329	0.020456	4.4
777	-1.224674	458.268002	7.541560	0.015755	4.0
778	-1.160736	458.579196	7.536667	0.012776	3.5
779	-1.251813	459.577681	7.521008	0.017336	3.4
780	-1.202534	459.211340	7.526745	0.013259	3.7
781	-1.222335	460.107456	7.512726	0.017239	4.1
782	-1.200333	459.740373	7.518463	0.015254	3.4
783	-1.224705	459.376262	7.524161	0.016621	4.2
784	-1.199786	460.376262	7.508531	0.016456	4.1
785	-1.199164	461.376262	7.492965	0.012867	3.5
786	-1.251511	462.376262	7.477464	0.012672	3.2
787	-1.221617	463.376262	7.462027	0.018707	3.2
788	-1.208040	464.376262	7.446653	0.015340	4.0
789	-1.208957	464.009178	7.452289	0.022217	4.6
790	-1.218086	464.999143	7.437109	0.021672	3.9
791	-1.204561	465.999143	7.421837	0.011252	3.4
792	-1.211996	466.998811	7.406634	0.017890	3.6
793	-1.191939	467.978073	7.391801	0.014935	3.5
794	-1.165809	467.611035	7.397353	0.015940	4.0
795	-1.169633	467.537500	7.398467	0.018832	3.5
796	-1.230229	468.537500	7.383354	0.013432	3.7
797	-1.226855	468.182283	7.388715	0.013547	3.9
798	-1.245219	467.815199	7.394264	0.017675	3.6
799	-1.236236	468.815143	7.379169	0.017048	3.4
800	-1.227004	469.815143	7.364134	0.016010	3.2
801	-1.208237	469.448061	7.369646	0.020914	3.6
802	-1.215040	470.448061	7.354650	0.013729	4.0
803	-1.160879	471.448061	7.339715	0.014689	4.1
804	-1.152165	471.080978	7.345190	0.016644	3.9
805	-1.215366	472.080977	7.330294	0.012316	3.8
806	-1.193203	471.870213	7.333429	0.014222	4.0
807	-1.233184	471.527871	7.338526	0.018905	3.2
808	-1.215738	471.160790	7.343999	0.013616	3.4
809	-1.238635	472.160602	7.329110	0.018089	4.0
810	-1.205691	473.159447	7.314296	0.021555	3.7
811	-1.196739	474.159447	7.299524	0.014267	3.5
812	-1.259438	474.009554	7.301735	0.020148	3.9
813	-1.190097	473.642472	7.307154	0.022388	3.5
814	-1.241090	474.642472	7.292411	0.022492	3.7
815	-1.243158	475.642472	7.277727	0.011347	4.3
816	-1.197562	475.275389	7.283111	0.019465	3.8
817	-1.211420	474.908305	7.288502	0.013392	4.0
818	-1.133408	475.908305	7.273834	0.012900	3.7
819	-1.232594	475.541228	7.279211	0.016231	3.5
820	-1.198355	476.541223	7.264581	0.011856	3.3
821	-1.207507	476.174162	7.269944	0.015206	3.3
822	-1.178788	476.692165	7.262378	0.016744	3.7
823	-1.229910	477.691494	7.247825	0.014108	5.0
824	-1.224909	478.691494	7.233320	0.012875	4.0
825	-1.206948	479.689511	7.218902	0.013495	4.0
826	-1.207612	480.683401	7.204601	0.015187	3.7
827	-1.205371	480.364819	7.209179	0.013381	3.6
828	-1.262466	479.997736	7.214461	0.014603	3.9
829	-1.198317	480.996047	7.200113	0.017426	3.3
830	-1.247420	480.628964	7.205382	0.014811	4.9
831	-1.193147	480.262000	7.210657	0.013340	3.7
832	-1.229427	479.900015	7.215868	0.018826	4.0
833	-1.278228	480.900015	7.201491	0.015905	4.1
834	-1.226406	481.885727	7.187375	0.016755	3.8
835	-1.198782	482.885578	7.173114	0.013763	4.2
836	-1.231844	482.518548	7.178342	0.014716	3.0
837	-1.218830	483.517764	7.164125	0.018719	3.4
838	-1.227164	483.150681	7.169342	0.019277	3.9
839	-1.216683	484.150681	7.155149	0.010436	3.5
840	-1.189812	484.677998	7.147688	0.012680	3.8
841	-1.174836	484.310916	7.152880	0.014162	4.3
842	-1.235706	483.945286	7.158060	0.016014	3.6
843	-1.191888	484.945286	7.143912	0.012897	4.0
844	-1.263514	485.945286	7.129820	0.016506	3.6
845	-1.251639	486.945286	7.115783	0.016177	3.8
846	-1.182139	486.578203	7.120929	0.013645	3.8
847	-1.185665	486.324811	7.124486	0.015081	3.5
848	-1.223582	486.820396	7.117533	0.019156	4.0
849	-1.250669	487.820396	7.103545	0.014054	3.5
850	-1.232177	487.453313	7.108673	0.014362	3.5
851	-1.256624	488.453312	7.094720	0.014831	3.5
852	-1.203199	489.453305	7.080821	0.014252	3.3
853	-1.250119	490.453305	7.066977	0.016444	3.8
854	-1.236723	491.453305	7.053186	0.016526	5.3
855	-1.214592	491.086222	7.058242	0.017536	3.8
856	-1.275175	492.086222	7.044486	0.021480	4.3
857	-1.188993	491.719139	7.049529	0.013729	3.3
858	-1.209232	492.719139	7.035807	0.016639	3.5
859	-1.255269	492.575511	7.037774	0.012571	4.2
860	-1.225285	492.208428	7.042808	0.016799	3.6
861	-1.274594	493.208428	7.029112	0.015551	5.0
862	-1.160503	494.208427	7.015469	0.013255	4.4
863	-1.242200	495.208424	7.001878	0.015381	4.5
864	-1.262970	495.328187	7.000254	0.017851	3.5
865	-1.222766	494.961993	7.005222	0.019655	4.2
866	-1.205023	495.961993	6.991672	0.017047	3.9
867	-1.198684	495.594909	6.996640	0.013740	3.3
868	-1.198727	496.594519	6.983127	0.014971	3.7
869	-1.184452	496.227626	6.988081	0.019958	3.2
870	-1.252844	497.227626	6.974596	0.020075	3.4
871	-1.232198	498.227626	6.961164	0.018637	4.0
872	-1.226342	499.227626	6.947783	0.013202	3.6
873	-1.271909	500.183100	6.935045	0.016575	3.5
874	-1.237957	499.816088	6.939933	0.016728	3.0
875	-1.223644	500.816048	6.926633	0.017987	3.3
876	-1.225927	500.450670	6.931487	0.019185	3.2
877	-1.190096	501.450670	6.918220	0.017715	3.8
878	-1.246537	501.083587	6.923084	0.015779	3.4
879	-1.185865	502.083587	6.909849	0.011853	4.1
880	-1.254128	501.869937	6.912672	0.014771	3.9
881	-1.253953	502.784344	6.900604	0.020769	4.2
882	-1.235019	502.522614	6.904054	0.012511	3.5
883	-1.233836	503.522614	6.890892	0.020430	3.6
884	-1.202497	504.522614	6.877779	0.017134	3.8
885	-1.201770	505.522614	6.864717	0.015443	4.4
886	-1.208609	506.522614	6.851703	0.021491	4.0
887	-1.235226	507.522614	6.838740	0.017020	3.9
888	-1.243680	508.522614	6.825825	0.015932	4.1
889	-1.197064	508.155531	6.830560	0.016477	4.7
890	-1.245657	509.155531	6.817676	0.014731	3.3
891	-1.206577	510.155531	6.804840	0.015507	3.7
892	-1.207057	509.788447	6.809546	0.017456	3.4
893	-1.186487	509.421364	6.814259	0.016881	3.7
894	-1.239929	510.421364	6.801436	0.016814	4.1
895	-1.286104	511.421364	6.788662	0.020678	4.2
896	-1.184264	512.421364	6.775935	0.014624	5.4
897	-1.167402	512.054285	6.780601	0.010874	3.8
898	-1.181492	511.702700	6.785076	0.017335	4.0
899	-1.277725	512.121847	6.779742	0.016306	4.1
900	-1.221156	513.121847	6.767049	0.012939	3.7
901	-1.194227	514.099824	6.754681	0.019694	3.4
902	-1.201454	513.732741	6.759318	0.014811	3.2
903	-1.200574	513.365658	6.763961	0.013604	3.2
904	-1.217751	512.998574	6.768611	0.020316	4.0
905	-1.280369	513.998574	6.755959	0.015789	4.6
906	-1.258702	513.631491	6.760598	0.028158	4.3
907	-1.234114	513.264408	6.765243	0.021365	4.0
908	-1.255691	514.264408	6.752604	0.014748	4.1
909	-1.263894	514.913982	6.744419	0.013800	3.9
910	-1.268347	515.906149	6.731956	0.014250	3.8
911	-1.225236	516.187314	6.728432	0.015013	4.0
912	-1.213433	515.918676	6.731799	0.016201	3.6
913	-1.210152	516.918676	6.719284	0.016557	3.5
914	-1.298299	517.848396	6.707691	0.019691	4.8
915	-1.276401	518.848396	6.695266	0.013292	3.9
916	-1.224365	519.751611	6.684083	0.012700	3.7
917	-1.221740	520.751583	6.671745	0.018049	3.6
918	-1.212071	521.751583	6.659453	0.019091	3.6
919	-1.200745	521.384500	6.663960	0.015815	3.6
920	-1.224242	522.384500	6.651696	0.014727	4.0
921	-1.227966	523.384500	6.639477	0.015768	4.6
922	-1.241292	524.384497	6.627303	0.017924	4.4
923	-1.209817	524.017414	6.631767	0.018050	3.9
924	-1.241277	525.017414	6.619621	0.014478	4.2
925	-1.206172	524.650331	6.624075	0.015380	3.7
926	-1.272578	524.283259	6.628534	0.011971	3.4
927	-1.221583	525.283256	6.616400	0.014738	3.4
928	-1.243049	525.934881	6.608517	0.017680	3.2
929	-1.233174	525.567948	6.612954	0.017916	3.9
930	-1.224483	526.567944	6.600877	0.015905	3.8
931	-1.257178	527.567944	6.588844	0.015828	3.4
932	-1.229374	528.567774	6.576857	0.020153	3.4
933	-1.193695	528.202798	6.581227	0.015260	3.4
934	-1.188265	527.835785	6.585628	0.016640	3.5
935	-1.185085	528.835762	6.573651	0.014660	4.5
936	-1.212370	529.835762	6.561717	0.017286	4.4
937	-1.218998	529.827679	6.561814	0.020741	5.0
938	-1.199441	530.827679	6.549922	0.012378	4.0
939	-1.227215	530.460624	6.554282	0.020800	3.9
940	-1.201519	531.456516	6.542467	0.013894	3.7
941	-1.252708	531.089433	6.546817	0.015360	3.8
942	-1.200031	531.040512	6.547397	0.010924	4.4
943	-1.239924	530.673429	6.551754	0.019061	3.6
944	-1.240586	530.306346	6.556116	0.014017	4.3
945	-1.222036	531.306346	6.544246	0.018422	4.2
946	-1.164508	530.939263	6.548598	0.015007	4.0
947	-1.218864	531.939263	6.536755	0.022432	3.7
948	-1.206227	532.939263	6.524955	0.016836	3.2
949	-1.226238	533.928996	6.513317	0.018480	3.9
950	-1.189244	533.561913	6.517628	0.013669	4.1
951	-1.261009	533.194829	6.521946	0.015667	3.5
952	-1.215718	534.194829	6.510198	0.013177	3.2
953	-1.240963	535.194829	6.498494	0.014687	3.0
954	-1.183828	534.838189	6.502663	0.010066	3.0
955	-1.251341	535.309384	6.497155	0.012381	3.4
956	-1.180316	536.267031	6.485990	0.019579	3.5
957	-1.238324	537.267031	6.474372	0.014887	3.5
958	-1.187981	538.267031	6.462796	0.013757	3.6
959	-1.238911	537.900155	6.467038	0.018148	3.8
960	-1.246208	537.533073	6.471288	0.016759	3.6
961	-1.211007	538.533073	6.459723	0.019981	3.7
962	-1.229131	539.533073	6.448198	0.012948	3.6
963	-1.250543	539.165990	6.452424	0.012700	4.6
964	-1.229428	538.799047	6.456654	0.017493	3.7
965	-1.196798	539.799047	6.445140	0.018225	4.0
966	-1.172384	540.799041	6.433668	0.016998	4.3
967	-1.185985	540.431967	6.437874	0.013797	4.3
968	-1.255206	541.431967	6.426428	0.017118	4.6
969	-1.234853	542.378429	6.415632	0.017177	3.9
970	-1.221955	542.011350	6.419815	0.013988	3.6
971	-1.270279	543.011283	6.408433	0.016517	3.4
972	-1.217605	544.011283	6.397091	0.012561	3.4
973	-1.245886	543.645259	6.401238	0.013617	3.8
974	-1.205264	543.278301	6.405400	0.014172	3.8
975	-1.232177	542.911231	6.409570	0.015750	3.9
976	-1.253911	543.911230	6.398224	0.015050	3.9
977	-1.186012	544.909732	6.386935	0.016101	3.7
978	-1.242693	545.909732	6.375668	0.018604	4.7
979	-1.222098	545.542708	6.379799	0.012074	3.5
980	-1.241155	546.542708	6.368558	0.016650	3.3
981	-1.191898	547.542698	6.357356	0.017183	3.4
982	-1.191168	547.175615	6.361464	0.017632	3.3
983	-1.183113	548.175615	6.350287	0.015452	3.4
984	-1.216775	547.808532	6.354385	0.017283	4.0
985	-1.215254	548.808532	6.343233	0.014728	3.5
986	-1.195852	548.887856	6.342350	0.015171	3.4
987	-1.204043	548.545001	6.346168	0.012211	3.1
988	-1.197586	549.544977	6.335046	0.014839	3.2
989	-1.239851	549.177894	6.339124	0.016315	3.7
990	-1.242668	550.177890	6.328026	0.015569	3.9
991	-1.248312	550.470317	6.324788	0.014317	4.0
992	-1.218730	551.470317	6.313740	0.014373	3.5
993	-1.254003	551.103265	6.317790	0.014489	3.5
994	-1.244535	552.103265	6.306767	0.016336	4.1
995	-1.234207	551.824538	6.309835	0.012499	4.1
996	-1.186592	551.457464	6.313881	0.014745	3.6
997	-1.289864	551.090382	6.317933	0.012518	3.1
998	-1.192478	550.723299	6.321989	0.018292	3.1
999	-1.209391	551.669963	6.311538	0.015794	3.3
