1:ItNr	2:Metric	3a:Time	3b:StepSize	4:||Gradient||	Time[ms]
0	-1.097645	0.000000	86.161617	0.036639	264.9
1	-1.129153	0.000000	86.161617	0.030279	4.9
2	-1.127473	0.000000	86.161617	0.023004	5.2
3	-1.104135	0.000000	86.161617	0.030183	4.7
4	-1.062946	0.502538	84.147925	0.021400	4.5
5	-1.115337	0.000000	86.161617	0.029075	4.8
6	-1.072864	1.000000	82.245180	0.022022	4.7
7	-1.115546	1.999902	78.669639	0.024908	4.7
8	-1.075753	2.986853	75.432738	0.028755	5.2
9	-1.088155	3.986852	72.413842	0.026014	4.8
10	-1.069108	4.918559	69.810747	0.032612	4.7
11	-1.079780	5.918559	67.217341	0.024313	5.6
12	-1.059128	6.916223	64.815143	0.029595	5.1
13	-1.075418	6.174735	66.583684	0.023278	4.7
14	-1.105492	7.174735	64.220443	0.029723	4.4
15	-1.082827	8.157033	62.056863	0.026616	5.3
16	-1.122172	7.249365	64.050784	0.030820	4.7
17	-1.106346	6.341697	66.177091	0.018284	4.5
18	-1.073616	5.457066	68.389820	0.025302	4.2
19	-1.129711	6.457066	65.899028	0.027202	4.5
20	-1.073229	7.371305	63.775493	0.027916	5.1
21	-1.052748	8.371305	61.604139	0.027221	5.1
22	-1.107414	9.369177	59.579948	0.021560	5.6
23	-1.125554	10.333129	57.746993	0.026439	4.4
24	-1.082236	11.332761	55.961629	0.023691	3.8
25	-1.139024	12.332744	54.282778	0.029209	4.2
26	-1.124643	11.425079	55.802300	0.021680	4.5
27	-1.104830	10.517411	57.409346	0.025589	4.8
28	-1.066968	9.710359	58.918034	0.026426	4.9
29	-1.106381	10.709795	57.061043	0.040278	4.8
30	-1.109953	11.709795	55.316580	0.031785	4.6
31	-1.127598	10.802127	56.895376	0.022934	4.2
32	-1.070303	11.802126	55.160874	0.025577	4.4
33	-1.095902	12.802126	53.528998	0.028272	4.6
34	-1.108105	13.800970	51.992630	0.027628	4.4
35	-1.094322	14.800788	50.540619	0.022142	4.6
36	-1.066842	14.334122	51.208120	0.033750	4.5
37	-1.081067	15.334122	49.798753	0.026722	5.0
38	-1.082839	16.334122	48.464886	0.026258	4.5
39	-1.112868	17.334122	47.200611	0.035749	4.3
40	-1.117126	18.327949	46.007839	0.024041	3.9
41	-1.063920	19.327949	44.866997	0.027546	5.7
42	-1.083141	18.420281	45.900077	0.026738	4.6
43	-1.106582	19.420280	44.764509	0.022196	5.4
44	-1.125345	20.420272	43.683779	0.023901	4.5
45	-1.140522	21.420123	42.654143	0.030862	4.5
46	-1.162689	20.512514	43.586711	0.029512	4.3
47	-1.086149	19.604846	44.561035	0.027263	5.0
48	-1.120514	20.601346	43.493640	0.026664	4.4
49	-1.082555	19.757809	44.393799	0.031159	4.7
50	-1.168681	18.850141	45.404957	0.035634	4.9
51	-1.117902	18.675300	45.605048	0.022624	4.6
52	-1.110104	19.675300	44.483851	0.033748	5.3
53	-1.087673	18.767666	45.499124	0.029195	4.7
54	-1.108208	19.767666	44.383065	0.024456	4.3
55	-1.111928	20.767666	43.320447	0.025722	5.7
56	-1.106566	21.462114	42.611962	0.032875	4.7
57	-1.102323	20.554446	43.542729	0.032290	5.0
58	-1.104117	21.554446	42.519505	0.027973	4.4
59	-1.129496	22.554446	41.543267	0.028824	4.8
60	-1.124889	23.554446	40.610851	0.026469	5.3
61	-1.167754	24.554446	39.719371	0.027838	4.3
62	-1.137651	25.545606	38.873572	0.022747	4.0
63	-1.079943	26.545606	38.055966	0.021487	4.4
64	-1.111968	27.545312	37.272270	0.025559	5.0
65	-1.165461	28.545312	36.519984	0.029481	5.0
66	-1.146122	29.545311	35.797464	0.023433	4.3
67	-1.115674	30.545311	35.102979	0.027277	4.3
68	-1.067856	29.875193	35.565348	0.030498	5.1
69	-1.116428	30.875193	34.879754	0.025527	4.8
70	-1.080332	31.875193	34.220092	0.028768	4.7
71	-1.114793	32.874561	33.585312	0.027153	4.8
72	-1.131042	33.874301	32.973431	0.033187	4.5
73	-1.068485	34.690575	32.490129	0.020038	4.1
74	-1.109151	33.793038	33.022334	0.027628	5.0
75	-1.129602	34.754524	32.452864	0.031060	4.9
76	-1.133555	35.754524	31.881053	0.028194	4.3
77	-1.118420	36.754522	31.329044	0.026869	4.2
78	-1.152867	35.846991	31.829195	0.032635	4.3
79	-1.119185	36.846991	31.278964	0.024055	4.3
80	-1.084973	35.939946	31.777233	0.024106	4.6
81	-1.112738	36.938274	31.229683	0.024706	4.0
82	-1.122146	37.938273	30.699813	0.028273	4.2
83	-1.151168	38.938273	30.187623	0.027548	4.7
84	-1.139389	38.030810	30.651688	0.038602	4.8
85	-1.134884	39.030808	30.141090	0.026414	4.8
86	-1.119418	38.819122	30.247752	0.025573	4.4
87	-1.105305	38.080009	30.626162	0.030898	4.5
88	-1.115912	39.080009	30.116406	0.029471	4.5
89	-1.117988	40.080009	29.623341	0.027408	4.7
90	-1.130311	41.079901	29.146212	0.027234	4.8
91	-1.094713	42.079818	28.684198	0.025467	4.3
92	-1.141715	43.079818	28.236565	0.021966	3.7
93	-1.108205	42.172155	28.642271	0.026515	4.2
94	-1.140884	41.288823	29.048453	0.020700	5.4
95	-1.195270	42.288823	28.589471	0.029398	4.8
96	-1.090731	41.388705	29.001948	0.031947	4.2
97	-1.164628	40.481037	29.430114	0.026664	4.1
98	-1.175897	41.480327	28.959419	0.026565	4.6
99	-1.130640	42.480327	28.503224	0.025178	4.6
100	-1.171443	41.572659	28.916687	0.041330	4.6
101	-1.089925	42.020197	28.711335	0.023788	4.3
102	-1.137321	43.020197	28.262862	0.024252	4.7
103	-1.088331	42.497303	28.495603	0.027371	5.2
104	-1.058976	41.589635	28.908843	0.032942	4.6
105	-1.098300	42.589635	28.454228	0.025033	5.7
106	-1.093106	43.589635	28.013689	0.023674	4.2
107	-1.080022	44.589633	27.586585	0.027578	4.8
108	-1.121117	43.681966	27.973701	0.023923	4.2
109	-1.146378	44.681915	27.547826	0.024339	3.6
110	-1.106560	43.793755	27.925438	0.025866	4.4
111	-1.124948	44.728451	27.528322	0.024478	4.9
112	-1.152777	45.728281	27.115849	0.022900	4.6
113	-1.161512	46.109508	26.961812	0.034172	4.8
114	-1.118294	47.077199	26.578561	0.025566	4.7
115	-1.135769	48.076423	26.194089	0.022980	4.9
116	-1.148999	47.169757	26.542473	0.025507	3.9
117	-1.086379	48.117083	26.178679	0.025946	4.4
118	-1.090946	49.115659	25.805847	0.026633	4.9
119	-1.096852	50.115659	25.442976	0.022843	4.9
120	-1.095189	49.207991	25.771909	0.017340	4.8
121	-1.107862	49.617365	25.622508	0.028976	4.9
122	-1.126277	48.709703	25.956128	0.026899	5.0
123	-1.126555	49.703041	25.591459	0.026326	5.7
124	-1.120874	50.703040	25.234550	0.023667	5.8
125	-1.150116	51.694205	24.890484	0.022421	4.2
126	-1.171551	52.692880	24.553172	0.019357	4.2
127	-1.152914	53.667827	24.232578	0.023898	4.8
128	-1.078270	52.762207	24.530095	0.027193	5.2
129	-1.129883	53.762207	24.201987	0.025373	5.0
130	-1.135694	54.737885	23.890210	0.038794	5.7
131	-1.175618	55.737885	23.578888	0.028618	4.9
132	-1.083512	56.737885	23.275575	0.026793	4.4
133	-1.119898	57.729728	22.982348	0.026229	5.2
134	-1.142159	56.922640	23.220388	0.020415	5.3
135	-1.131807	57.922634	22.926173	0.030853	4.8
136	-1.128183	58.922634	22.639318	0.034656	4.7
137	-1.094635	58.014966	22.899383	0.025322	4.3
138	-1.140538	57.253825	23.122115	0.026274	5.0
139	-1.136318	58.253811	22.830372	0.030325	6.0
140	-1.133117	59.253811	22.545895	0.026356	4.9
141	-1.109643	60.253811	22.268420	0.029360	5.0
142	-1.128984	61.253811	21.997691	0.041660	4.5
143	-1.169728	62.253811	21.733467	0.024889	4.3
144	-1.102840	61.356111	21.970367	0.032838	4.3
145	-1.184334	60.451353	22.214413	0.020718	4.4
146	-1.198900	61.451353	21.944988	0.030406	4.9
147	-1.121337	60.543685	22.189259	0.028945	5.0
148	-1.172811	61.543685	21.920441	0.031157	6.2
149	-1.120641	62.543685	21.658058	0.031115	4.7
150	-1.163001	63.543685	21.401882	0.025315	4.5
151	-1.107191	64.543685	21.151695	0.024643	5.3
152	-1.159365	65.543682	20.907291	0.030922	5.7
153	-1.148531	66.543666	20.668474	0.022594	4.7
154	-1.119181	67.539387	20.436035	0.023132	4.9
155	-1.124386	66.867664	20.592262	0.035356	5.0
156	-1.103999	65.959997	20.807199	0.026685	4.9
157	-1.139258	66.959997	20.570646	0.025989	5.8
158	-1.134640	66.058354	20.783692	0.030332	5.2
159	-1.101689	66.279889	20.730938	0.033306	6.8
160	-1.080904	65.372221	20.948795	0.027128	6.1
161	-1.120860	66.157961	20.759939	0.027230	6.0
162	-1.135270	66.149330	20.761995	0.023293	6.4
163	-1.110655	65.502023	20.917360	0.021494	5.1
164	-1.115830	64.594355	21.139174	0.029417	5.7
165	-1.150239	65.592438	20.895519	0.026545	6.2
166	-1.186055	66.592437	20.656966	0.027416	5.5
167	-1.119254	65.684769	20.873263	0.021924	9.2
168	-1.147426	66.684760	20.635216	0.030470	6.0
169	-1.097448	67.684760	20.402536	0.022418	10.4
170	-1.102198	68.684760	20.175044	0.030900	4.5
171	-1.144373	68.816966	20.145347	0.021955	4.5
172	-1.154442	69.816966	19.923524	0.029153	5.5
173	-1.158079	70.766946	19.717273	0.030542	5.8
174	-1.117302	69.859279	19.914245	0.024366	4.2
175	-1.117918	70.859279	19.697455	0.024275	4.4
176	-1.097437	71.174718	19.630046	0.038755	4.4
177	-1.136443	72.174718	19.419366	0.028080	4.5
178	-1.100113	73.174718	19.213161	0.026945	6.6
179	-1.119015	74.174718	19.011288	0.033779	6.5
180	-1.096639	73.267050	19.194342	0.023641	5.6
181	-1.098571	72.359382	19.380955	0.021859	6.0
182	-1.130179	71.583550	19.543363	0.026167	4.9
183	-1.151970	70.676179	19.736795	0.023842	4.7
184	-1.154186	71.676167	19.523833	0.027700	4.6
185	-1.114441	70.768500	19.716939	0.024842	5.2
186	-1.134480	69.862858	19.913461	0.024980	5.5
187	-1.119408	70.862846	19.696690	0.030251	4.6
188	-1.156101	71.846901	19.487931	0.032530	4.5
189	-1.112957	72.846901	19.280274	0.026241	4.7
190	-1.163209	73.846901	19.076996	0.028326	4.5
191	-1.107089	74.846833	18.877973	0.028926	4.3
192	-1.126559	75.756106	18.700566	0.026005	4.6
193	-1.115359	74.848439	18.877657	0.024762	4.0
194	-1.185478	75.848439	18.682738	0.029118	4.2
195	-1.168749	75.010655	18.845762	0.030432	4.0
196	-1.166502	76.010620	18.651504	0.025435	5.4
197	-1.144339	77.010620	18.461203	0.028501	7.2
198	-1.109409	78.010620	18.274746	0.023753	4.4
199	-1.114311	79.010343	18.092068	0.030466	4.6
200	-1.129157	80.007971	17.913378	0.022105	4.5
201	-1.143730	81.007971	17.737770	0.023995	4.2
202	-1.114035	81.827383	17.596422	0.029648	5.6
203	-1.157571	80.920718	17.752956	0.029725	5.5
204	-1.114776	80.013050	17.912477	0.032073	4.7
205	-1.137186	81.013050	17.736887	0.020373	4.4
206	-1.175317	82.013050	17.564706	0.029174	4.9
207	-1.167111	81.185217	17.707003	0.024108	4.1
208	-1.147274	82.185217	17.535399	0.033899	5.0
209	-1.111028	81.277550	17.691018	0.029535	4.9
210	-1.178089	82.277550	17.519722	0.028571	4.4
211	-1.118440	82.761187	17.438062	0.024639	4.3
212	-1.184309	83.761187	17.271606	0.026813	4.6
213	-1.155875	84.726387	17.113930	0.036496	4.4
214	-1.145731	85.726387	16.953577	0.026314	4.7
215	-1.077509	86.726387	16.796200	0.023024	4.3
216	-1.122543	87.726163	16.641753	0.027489	4.1
217	-1.165284	88.726160	16.490087	0.029165	4.1
218	-1.165053	89.726160	16.341161	0.024538	4.3
219	-1.113965	88.820422	16.475933	0.021345	4.9
220	-1.128932	89.778610	16.333424	0.027549	4.5
221	-1.214669	90.778610	16.187301	0.023117	4.6
222	-1.097230	89.956074	16.307300	0.027246	4.8
223	-1.143775	89.211445	16.417478	0.026109	4.7
224	-1.123447	90.210714	16.269961	0.029754	4.7
225	-1.148836	91.210714	16.124966	0.029783	6.6
226	-1.158347	90.303290	16.256428	0.028592	4.8
227	-1.113646	91.303258	16.111678	0.027465	4.6
228	-1.162042	92.274184	15.973578	0.030193	4.6
229	-1.114163	93.274184	15.833795	0.026747	5.2
230	-1.155066	92.366516	15.960568	0.028711	4.6
231	-1.156195	93.366514	15.821012	0.025773	5.4
232	-1.140813	94.366502	15.683876	0.029586	5.5
233	-1.114261	95.366502	15.549096	0.028189	4.5
234	-1.143381	96.366465	15.416618	0.030231	4.5
235	-1.109491	97.366465	15.286373	0.025698	4.6
236	-1.117927	98.366465	15.158311	0.027301	4.1
237	-1.137165	97.462116	15.274030	0.032900	4.2
238	-1.133338	98.461165	15.146294	0.023539	4.0
239	-1.110280	99.461165	15.020558	0.024418	4.5
240	-1.158868	100.461165	14.896893	0.031290	5.2
241	-1.141675	99.553629	15.009038	0.028057	4.1
242	-1.141081	100.552782	14.885665	0.024600	5.0
243	-1.167191	99.645116	14.997656	0.023448	5.0
244	-1.108820	98.745228	15.110364	0.022192	5.5
245	-1.145267	98.217931	15.177197	0.023839	5.6
246	-1.140671	98.625154	15.125531	0.027400	6.7
247	-1.150436	99.625154	15.000138	0.030858	6.8
248	-1.146178	100.624059	14.876941	0.027415	6.3
249	-1.162115	101.382101	14.784792	0.019768	6.3
250	-1.132954	102.181508	14.688844	0.035449	4.5
251	-1.142724	101.273844	14.797882	0.025531	4.8
252	-1.169527	102.273844	14.677842	0.026142	5.6
253	-1.140926	101.366236	14.786709	0.024623	5.2
254	-1.146597	102.350683	14.668698	0.033917	6.9
255	-1.175728	103.350683	14.550736	0.027655	5.0
256	-1.175161	104.350683	14.434656	0.033989	5.0
257	-1.140633	105.350683	14.320413	0.030803	4.9
258	-1.154383	106.350683	14.207964	0.025437	5.8
259	-1.089283	105.443015	14.309956	0.019380	4.5
260	-1.147030	106.439232	14.198092	0.026411	4.5
261	-1.176055	105.531604	14.299937	0.024963	4.9
262	-1.127870	106.531604	14.187808	0.028767	6.5
263	-1.117706	105.623939	14.289509	0.025415	4.9
264	-1.114156	104.741448	14.389797	0.026104	5.6
265	-1.100932	103.833788	14.494425	0.028927	4.9
266	-1.125942	102.926143	14.600583	0.024764	6.3
267	-1.172670	102.018475	14.708311	0.025225	4.9
268	-1.127992	103.018475	14.589713	0.024714	7.8
269	-1.108012	102.110807	14.697280	0.032141	4.4
270	-1.157982	103.110807	14.578859	0.026573	5.6
271	-1.125642	102.203139	14.686265	0.025540	5.2
272	-1.116669	101.295472	14.795265	0.026134	5.3
273	-1.134850	100.387804	14.905896	0.021202	5.3
274	-1.120271	99.481268	15.018052	0.027646	5.2
275	-1.085285	98.573769	15.132031	0.028212	5.9
276	-1.110404	98.078288	15.194995	0.023361	5.8
277	-1.186164	99.076772	15.068643	0.025018	5.7
278	-1.136714	100.076772	14.944187	0.022626	4.8
279	-1.146046	101.076281	14.821831	0.021418	5.1
280	-1.126597	100.169167	14.932792	0.030394	5.0
281	-1.153764	99.261612	15.045482	0.023330	4.8
282	-1.130981	100.261610	14.921408	0.025383	4.9
283	-1.105911	101.261610	14.799363	0.032672	6.1
284	-1.105954	102.261610	14.679299	0.028786	5.6
285	-1.149193	103.261610	14.561166	0.024788	4.7
286	-1.111682	104.216811	14.450088	0.026761	6.3
287	-1.157594	105.216471	14.335641	0.027408	4.9
288	-1.141220	104.975554	14.363056	0.029315	4.6
289	-1.120493	105.975554	14.249940	0.033757	6.9
290	-1.138907	106.975554	14.138591	0.024296	4.5
291	-1.168642	106.079760	14.238254	0.033200	5.7
292	-1.158718	106.741157	14.164534	0.031011	5.4
293	-1.111989	107.741157	14.054511	0.029032	4.4
294	-1.153207	108.741151	13.946184	0.020838	5.1
295	-1.199204	108.931591	13.925743	0.037781	6.2
296	-1.155819	109.931591	13.819384	0.023967	4.7
297	-1.108493	110.930235	13.714779	0.028620	4.6
298	-1.152159	110.022574	13.809788	0.030993	5.9
299	-1.133013	111.022574	13.705186	0.030247	4.6
300	-1.143574	112.015804	13.602850	0.020065	5.1
301	-1.151523	113.015804	13.501348	0.021601	6.6
302	-1.140999	113.998809	13.403036	0.031185	4.9
303	-1.118511	114.996680	13.304692	0.020704	5.4
304	-1.157730	115.996680	13.207575	0.026964	6.9
305	-1.086805	116.995327	13.111995	0.027031	5.6
306	-1.092064	117.988884	13.018264	0.029110	6.6
307	-1.138744	118.988884	12.925269	0.030732	5.6
308	-1.150967	118.081216	13.009621	0.030606	6.4
309	-1.166256	119.081214	12.916750	0.025166	5.8
310	-1.150235	118.174255	13.000924	0.019488	5.5
311	-1.124185	119.174255	12.908176	0.026384	5.6
312	-1.112569	119.955524	12.836630	0.021922	5.7
313	-1.121373	120.907775	12.750492	0.028363	6.1
314	-1.145869	121.907775	12.661270	0.030960	4.8
315	-1.126918	122.798444	12.582848	0.031603	6.4
316	-1.159882	123.798444	12.495949	0.028169	5.1
317	-1.142486	122.890776	12.574774	0.027244	5.3
318	-1.160736	123.890776	12.487986	0.031936	5.9
319	-1.156874	122.983108	12.566710	0.025672	5.1
320	-1.153370	123.983108	12.480033	0.020862	5.3
321	-1.174129	124.983107	12.394543	0.023742	5.1
322	-1.171107	124.080324	12.471670	0.026623	4.9
323	-1.156453	125.080321	12.386295	0.022502	5.9
324	-1.151171	124.946632	12.397641	0.023679	6.2
325	-1.139288	125.946204	12.313309	0.029969	5.3
326	-1.159449	126.943955	12.230266	0.028443	4.9
327	-1.155312	127.943955	12.148153	0.023876	5.1
328	-1.128066	127.036295	12.222638	0.030870	4.6
329	-1.145158	126.148158	12.296409	0.031486	5.2
330	-1.154305	125.240491	12.372729	0.029521	5.1
331	-1.141862	126.240491	12.288698	0.025765	5.1
332	-1.130140	125.332823	12.364922	0.025224	4.9
333	-1.143916	126.332823	12.280997	0.025353	4.6
334	-1.150495	127.332695	12.198214	0.023194	5.8
335	-1.130844	128.332686	12.116530	0.032938	6.2
336	-1.193503	127.505937	12.183984	0.026460	5.4
337	-1.098919	128.505937	12.102489	0.026669	6.5
338	-1.157480	129.505212	12.022135	0.031374	6.3
339	-1.138424	130.295071	11.959372	0.031737	7.7
340	-1.163742	129.387545	12.031541	0.023535	6.0
341	-1.162828	130.387545	11.952066	0.027118	5.0
342	-1.129841	129.481823	12.024003	0.024924	6.0
343	-1.132074	130.481823	11.944628	0.034076	5.1
344	-1.163325	131.481823	11.866293	0.022825	5.2
345	-1.114612	132.481823	11.788979	0.024750	6.1
346	-1.103830	133.481818	11.712666	0.028584	4.7
347	-1.161623	132.723723	11.770428	0.029820	5.2
348	-1.111794	133.629474	11.701482	0.026996	6.0
349	-1.153401	134.363757	11.646178	0.028227	4.3
350	-1.124074	133.456159	11.714612	0.024269	4.6
351	-1.111708	134.455706	11.639289	0.028421	5.2
352	-1.126942	133.549166	11.707562	0.026270	4.3
353	-1.146804	134.549165	11.632296	0.024277	4.7
354	-1.097514	135.549165	11.557992	0.038156	5.1
355	-1.146680	136.549165	11.484631	0.024416	5.1
356	-1.154346	137.549159	11.412195	0.026661	4.8
357	-1.134356	136.641491	11.477904	0.027017	5.1
358	-1.137831	137.533525	11.413321	0.030639	4.4
359	-1.125713	138.533525	11.341779	0.033533	4.6
360	-1.089257	137.625857	11.406677	0.022571	5.5
361	-1.160702	138.625857	11.335219	0.027368	5.9
362	-1.203569	138.428453	11.349254	0.028558	5.7
363	-1.145758	137.520785	11.414238	0.032751	5.1
364	-1.101416	137.620835	11.407038	0.023720	4.6
365	-1.141024	136.713219	11.472684	0.019934	4.3
366	-1.138004	137.713219	11.400399	0.024140	5.1
367	-1.101345	136.806347	11.465914	0.028847	4.8
368	-1.131328	137.806347	11.393713	0.030198	4.9
369	-1.171084	138.806347	11.322416	0.022406	4.5
370	-1.129511	137.898728	11.387089	0.030661	5.0
371	-1.133319	136.991174	11.452500	0.029119	4.9
372	-1.110019	137.991174	11.380468	0.029672	4.6
373	-1.149881	137.109076	11.443960	0.031714	5.0
374	-1.085026	138.109076	11.372035	0.029202	5.0
375	-1.144517	139.109076	11.301008	0.032819	5.7
376	-1.136878	140.109076	11.230863	0.021927	6.0
377	-1.120613	141.100959	11.162142	0.027163	4.6
378	-1.127767	142.100956	11.093705	0.026511	4.7
379	-1.106580	141.193288	11.155788	0.022980	4.5
380	-1.167163	142.193288	11.087429	0.028210	5.8
381	-1.157901	143.193288	11.019902	0.027678	4.8
382	-1.172202	144.193133	10.953203	0.024172	5.1
383	-1.174349	145.193133	10.887297	0.032343	4.9
384	-1.161812	146.193133	10.822179	0.026229	5.5
385	-1.126466	145.285465	10.881252	0.025046	6.2
386	-1.151665	145.886343	10.842073	0.024586	7.2
387	-1.108277	146.176276	10.823270	0.027213	5.1
388	-1.160255	147.176276	10.758913	0.028976	4.8
389	-1.181022	148.176275	10.695317	0.026169	4.8
390	-1.165545	149.174006	10.632611	0.025573	4.9
391	-1.161565	150.174006	10.570495	0.027593	4.4
392	-1.137732	151.174006	10.509101	0.025680	4.3
393	-1.176442	152.174006	10.448415	0.023166	4.9
394	-1.156593	151.266338	10.503468	0.028857	5.4
395	-1.168925	150.359943	10.559025	0.028783	4.9
396	-1.131829	151.359943	10.497764	0.028738	4.3
397	-1.174078	150.452275	10.553339	0.031935	4.4
398	-1.153710	151.452275	10.492143	0.024616	5.3
399	-1.136651	152.435351	10.432671	0.027670	4.6
400	-1.120697	153.435335	10.372864	0.015723	4.6
401	-1.116191	153.830374	10.349426	0.025045	6.0
402	-1.174572	154.829945	10.290591	0.022489	5.6
403	-1.172933	153.922289	10.343987	0.028196	4.7
404	-1.148657	154.921210	10.285252	0.030103	4.3
405	-1.157786	155.921210	10.227117	0.026039	4.7
406	-1.147871	156.919492	10.169734	0.024553	6.2
407	-1.127209	157.919492	10.112895	0.031878	4.6
408	-1.156821	158.919490	10.056687	0.017114	4.1
409	-1.148112	159.919440	10.001103	0.020874	4.9
410	-1.140192	160.893384	9.947552	0.025831	5.2
411	-1.172800	161.889522	9.893371	0.026254	4.9
412	-1.183789	162.889468	9.839574	0.028429	4.7
413	-1.115400	163.889468	9.786355	0.024316	5.0
414	-1.130546	162.983294	9.834556	0.026111	4.9
415	-1.141124	163.983252	9.781393	0.029429	5.3
416	-1.163581	164.983251	9.728801	0.031468	5.4
417	-1.145722	165.983251	9.676770	0.025016	5.3
418	-1.143966	166.901126	9.629500	0.029350	4.8
419	-1.190856	165.993459	9.676242	0.026125	4.7
420	-1.184706	166.993456	9.624771	0.030699	4.7
421	-1.123980	167.993454	9.573845	0.027509	5.3
422	-1.162467	168.993451	9.523454	0.027391	4.5
423	-1.111195	169.993451	9.473592	0.022756	5.0
424	-1.172465	170.977574	9.425028	0.027695	4.5
425	-1.132727	171.977530	9.376190	0.028881	4.9
426	-1.142373	171.069862	9.420499	0.026880	5.3
427	-1.144758	172.054558	9.372449	0.029470	6.4
428	-1.157507	173.054558	9.324151	0.025516	5.3
429	-1.157290	172.147923	9.367918	0.027185	4.6
430	-1.135206	173.147923	9.319667	0.028529	5.2
431	-1.123259	174.147923	9.271910	0.020241	5.8
432	-1.109904	175.147923	9.224640	0.024728	5.2
433	-1.143869	174.240255	9.267525	0.026628	5.4
434	-1.190291	174.450568	9.257553	0.021245	4.8
435	-1.143256	175.450566	9.210429	0.028997	4.9
436	-1.159030	174.566796	9.252051	0.023355	6.6
437	-1.152540	175.566690	9.204988	0.030700	5.2
438	-1.115702	176.566690	9.158396	0.027368	5.8
439	-1.169949	177.566690	9.112273	0.030964	5.1
440	-1.160116	178.547412	9.067489	0.040328	5.3
441	-1.115867	179.547412	9.022275	0.032888	4.1
442	-1.157045	178.640423	9.063265	0.033029	4.5
443	-1.158522	179.640357	9.018096	0.021663	4.5
444	-1.157781	180.640315	8.973374	0.027624	4.0
445	-1.125241	181.640294	8.929093	0.021390	3.9
446	-1.153229	180.732640	8.969267	0.030979	4.1
447	-1.126869	181.721640	8.925510	0.035132	5.0
448	-1.162825	180.813973	8.965653	0.026380	4.7
449	-1.169740	181.813973	8.921446	0.026334	5.1
450	-1.156565	182.813971	8.877674	0.022526	4.3
451	-1.148669	183.813971	8.834329	0.022244	4.6
452	-1.167696	184.813971	8.791405	0.031981	4.2
453	-1.108142	183.906303	8.830348	0.020609	4.6
454	-1.169402	184.906300	8.787463	0.025045	4.2
455	-1.145303	183.998633	8.826371	0.032716	4.2
456	-1.144293	184.998628	8.783524	0.026940	4.0
457	-1.170256	185.998388	8.741102	0.027825	4.4
458	-1.151143	186.998388	8.699077	0.030766	4.6
459	-1.163077	187.998388	8.657454	0.032015	4.7
460	-1.173491	188.997661	8.616258	0.029593	5.4
461	-1.110764	189.997661	8.575422	0.023304	4.7
462	-1.134082	190.997661	8.534971	0.030027	4.5
463	-1.163694	191.997661	8.494901	0.030534	5.2
464	-1.161299	192.997654	8.455205	0.024282	6.1
465	-1.091252	193.997654	8.415878	0.028724	5.1
466	-1.134540	194.997653	8.376915	0.029697	4.3
467	-1.156085	195.997653	8.338311	0.020797	4.8
468	-1.147919	196.997653	8.300062	0.030580	6.3
469	-1.156265	197.356795	8.286410	0.031047	5.5
470	-1.131321	198.356795	8.248634	0.023660	4.4
471	-1.199704	197.449488	8.282894	0.026614	5.0
472	-1.138615	196.541820	8.317453	0.027840	5.1
473	-1.172004	195.670412	8.350905	0.024146	4.9
474	-1.172120	194.762745	8.386035	0.025934	4.6
475	-1.149940	195.762730	8.347348	0.022293	5.5
476	-1.189272	194.855062	8.382449	0.027882	5.4
477	-1.164209	193.990814	8.416145	0.026731	4.2
478	-1.183515	194.990814	8.377180	0.033248	4.1
479	-1.153958	195.990814	8.338574	0.028662	4.0
480	-1.142056	196.990814	8.300322	0.031154	4.5
481	-1.178203	197.990755	8.262422	0.024877	5.6
482	-1.142906	198.990737	8.224864	0.030916	6.7
483	-1.147098	199.921347	8.190218	0.025131	4.5
484	-1.124597	200.921345	8.153312	0.026693	4.5
485	-1.164075	201.921294	8.116739	0.023937	4.2
486	-1.190805	201.013660	8.149922	0.026406	5.0
487	-1.173186	202.013580	8.113380	0.025215	4.9
488	-1.122495	203.000918	8.077619	0.024510	4.6
489	-1.155154	204.000918	8.041718	0.024659	4.5
490	-1.142481	205.000918	8.006135	0.027320	5.0
491	-1.177080	206.000918	7.970866	0.026270	6.0
492	-1.151143	207.000910	7.935907	0.021952	4.5
493	-1.193178	206.852564	7.941074	0.020483	4.1
494	-1.169941	207.846495	7.906584	0.022489	4.5
495	-1.173233	207.798695	7.908236	0.026873	4.7
496	-1.142431	208.782104	7.874390	0.029964	5.0
497	-1.122406	209.782104	7.840270	0.030318	4.7
498	-1.119136	210.782104	7.806444	0.027302	5.2
499	-1.113576	211.782104	7.772908	0.026531	4.5
500	-1.169370	210.874436	7.803335	0.022365	4.2
501	-1.165063	210.456143	7.817438	0.031330	4.7
502	-1.179741	209.548598	7.848211	0.023297	4.5
503	-1.170818	210.548598	7.814316	0.024526	4.8
504	-1.167142	211.548470	7.780718	0.027059	5.5
505	-1.085454	210.640802	7.811206	0.020086	4.5
506	-1.136290	210.331187	7.821660	0.018125	4.7
507	-1.131111	211.101957	7.795686	0.025276	5.3
508	-1.202311	210.323621	7.821916	0.036617	5.0
509	-1.199699	209.415953	7.852729	0.031836	4.3
510	-1.122115	210.415952	7.818795	0.027502	4.9
511	-1.177900	211.415845	7.785158	0.033177	4.7
512	-1.163623	212.412460	7.751917	0.023397	4.1
513	-1.161653	211.511730	7.781947	0.040841	4.6
514	-1.156470	212.463580	7.750219	0.025968	4.2
515	-1.144394	213.463580	7.717164	0.030661	4.3
516	-1.133854	212.564960	7.746855	0.022912	4.5
517	-1.183567	211.669586	7.776667	0.026969	4.4
518	-1.147773	211.013305	7.798665	0.026257	4.9
519	-1.153881	211.088658	7.796133	0.024435	4.6
520	-1.164135	212.088650	7.762686	0.029282	5.0
521	-1.149736	211.398301	7.785745	0.031437	3.9
522	-1.105288	210.490635	7.816273	0.029262	4.7
523	-1.141550	211.453665	7.783891	0.026379	5.2
524	-1.158648	210.551506	7.814218	0.022546	4.8
525	-1.151962	211.551506	7.780616	0.022391	5.1
526	-1.120458	210.643844	7.811103	0.024328	5.5
527	-1.178062	211.592759	7.779236	0.033568	4.4
528	-1.167004	212.592759	7.745933	0.025997	4.8
529	-1.110038	211.939383	7.767660	0.026234	5.1
530	-1.153336	212.863600	7.736963	0.022286	4.9
531	-1.136854	211.993566	7.765854	0.028167	5.0
532	-1.136904	211.355599	7.787176	0.027922	4.5
533	-1.155366	212.355598	7.753806	0.034229	4.8
534	-1.123373	211.447931	7.784083	0.026327	5.1
535	-1.167213	210.540267	7.814597	0.024788	3.9
536	-1.152484	211.538132	7.781063	0.024998	3.9
537	-1.212041	212.538132	7.747745	0.028331	4.5
538	-1.121299	213.538132	7.714711	0.022791	4.5
539	-1.165992	214.496233	7.683324	0.026792	5.0
540	-1.076280	213.860364	7.704127	0.019932	4.3
541	-1.154398	214.364066	7.687639	0.028083	4.4
542	-1.126464	215.162822	7.661638	0.025395	4.7
543	-1.137075	216.162822	7.629332	0.030491	4.8
544	-1.126318	217.162822	7.597298	0.024721	4.9
545	-1.160995	216.255154	7.626363	0.018705	4.4
546	-1.159056	215.427933	7.653047	0.020662	4.7
547	-1.142557	216.139154	7.630094	0.020767	6.8
548	-1.190366	217.139154	7.598053	0.026437	4.7
549	-1.206277	216.231588	7.627121	0.034206	5.4
550	-1.137347	217.231588	7.595105	0.029415	6.4
551	-1.183624	218.231588	7.563357	0.018797	4.9
552	-1.147820	218.951201	7.540675	0.021011	5.2
553	-1.117554	219.833194	7.513059	0.021290	4.6
554	-1.164951	218.925533	7.541482	0.023874	4.9
555	-1.146259	219.925529	7.510179	0.021510	4.6
556	-1.147491	220.881603	7.480494	0.024369	4.3
557	-1.158854	221.873083	7.449957	0.030186	4.2
558	-1.162924	222.872944	7.419412	0.027650	4.0
559	-1.175368	223.872944	7.389113	0.028595	4.5
560	-1.130561	224.872633	7.359070	0.020250	5.5
561	-1.184290	225.872619	7.329261	0.028516	6.0
562	-1.157442	225.356559	7.344615	0.022172	5.1
563	-1.126748	226.356553	7.314922	0.024352	5.2
564	-1.159262	225.475576	7.341068	0.025654	4.5
565	-1.107263	226.474876	7.311425	0.022459	4.3
566	-1.129270	225.576775	7.338055	0.026495	4.6
567	-1.180320	224.669107	7.365167	0.034342	5.0
568	-1.180400	225.669107	7.335308	0.021295	5.0
569	-1.168144	226.668758	7.305701	0.026892	4.4
570	-1.183104	227.668758	7.276322	0.022635	4.6
571	-1.169467	228.668758	7.247178	0.026428	5.2
572	-1.135975	228.741789	7.245059	0.019948	4.3
573	-1.193402	227.834122	7.271487	0.021230	5.2
574	-1.180642	228.832453	7.242430	0.020345	4.4
575	-1.167508	228.010832	7.266326	0.029200	4.5
576	-1.116970	229.000497	7.237561	0.028868	5.1
577	-1.126235	229.998971	7.208770	0.024311	4.5
578	-1.098560	229.142422	7.233455	0.025298	5.0
579	-1.177477	230.142422	7.204653	0.031328	4.8
580	-1.128541	231.142422	7.176079	0.023050	4.3
581	-1.186354	230.234754	7.202005	0.026948	4.1
582	-1.172898	229.327129	7.228118	0.023064	5.2
583	-1.176489	230.327129	7.199358	0.029947	5.3
584	-1.158643	231.327129	7.170826	0.028316	3.9
585	-1.149504	230.419461	7.196714	0.025863	4.0
586	-1.155298	231.408304	7.168520	0.028193	4.9
587	-1.183040	230.501420	7.194369	0.034065	4.7
588	-1.151208	231.501420	7.165876	0.034361	5.8
589	-1.134618	230.593752	7.191729	0.026073	4.8
590	-1.168449	231.593752	7.163257	0.024025	5.4
591	-1.117696	232.593752	7.135010	0.025750	5.5
592	-1.143226	231.686084	7.160640	0.025959	6.9
593	-1.142075	232.686084	7.132413	0.019726	5.4
594	-1.141856	233.686084	7.104408	0.030692	3.9
595	-1.193817	234.686066	7.076623	0.019786	5.1
596	-1.138803	233.787970	7.101568	0.023119	5.5
597	-1.116718	232.919883	7.125846	0.031227	5.3
598	-1.182777	233.919883	7.097893	0.026745	4.6
599	-1.163491	234.919883	7.070158	0.034025	6.3
600	-1.141305	235.880440	7.043720	0.024161	4.7
601	-1.176159	236.880440	7.016406	0.020840	4.4
602	-1.185391	235.972772	7.041189	0.026957	4.7
603	-1.185913	235.065105	7.066148	0.032658	5.9
604	-1.127616	236.065105	7.038660	0.026528	4.7
605	-1.156423	236.753752	7.019855	0.027902	4.0
606	-1.137867	237.753581	6.992730	0.023337	4.0
607	-1.156282	236.993265	7.013338	0.022703	4.5
608	-1.184036	236.085623	7.038099	0.022195	5.0
609	-1.157102	235.178073	7.063032	0.020700	4.8
610	-1.116397	234.270474	7.088144	0.024606	4.3
611	-1.151734	234.409401	7.084289	0.030162	4.3
612	-1.217777	235.409401	7.056660	0.025293	5.9
613	-1.126596	236.409401	7.029246	0.032130	4.7
614	-1.154552	237.409401	7.002044	0.021327	6.1
615	-1.172822	236.501734	7.026725	0.027153	5.0
616	-1.161941	235.642896	7.050240	0.027893	4.1
617	-1.113877	234.735228	7.075263	0.023630	4.5
618	-1.191890	235.735228	7.047704	0.021956	5.2
619	-1.177124	236.628331	7.023272	0.022683	4.8
620	-1.120192	235.730896	7.047823	0.027679	4.8
621	-1.169203	236.730892	7.020478	0.020358	4.2
622	-1.123937	235.823224	7.045290	0.027542	5.0
623	-1.157902	236.423512	7.028861	0.023434	5.4
624	-1.147761	235.515844	7.053732	0.024512	4.6
625	-1.173144	236.407307	7.029303	0.029565	5.3
626	-1.144828	236.960462	7.014230	0.018856	4.7
627	-1.163739	236.362505	7.030527	0.032268	4.2
628	-1.171793	236.918404	7.015374	0.024429	4.5
629	-1.137018	237.918404	6.988279	0.023806	5.4
630	-1.149464	238.311758	6.977678	0.027177	4.9
631	-1.166199	237.404104	7.002187	0.022923	4.3
632	-1.167059	238.400947	6.975279	0.018872	4.5
633	-1.168598	237.914816	6.988376	0.020223	4.0
634	-1.176852	238.837086	6.963571	0.028761	4.7
635	-1.159110	237.929418	6.987981	0.023952	4.8
636	-1.139933	238.929393	6.961098	0.027357	5.7
637	-1.160832	238.027909	6.985324	0.023398	4.9
638	-1.143652	237.121388	7.009857	0.026698	4.3
639	-1.163406	238.121388	6.982804	0.029827	4.8
640	-1.152136	239.121388	6.955960	0.027431	4.8
641	-1.167682	238.220000	6.980148	0.028212	4.9
642	-1.167016	239.220000	6.953324	0.024864	4.8
643	-1.157454	238.312355	6.977662	0.024767	4.5
644	-1.164682	239.312355	6.950857	0.023269	5.3
645	-1.128610	240.312355	6.924257	0.030449	6.9
646	-1.189647	239.404687	6.948392	0.034815	4.6
647	-1.158357	240.404682	6.921812	0.020157	4.0
648	-1.162834	241.399121	6.895579	0.029425	4.4
649	-1.161921	241.345754	6.896982	0.025997	5.4
650	-1.157124	242.345754	6.870792	0.028840	7.3
651	-1.180685	243.345751	6.844801	0.026380	4.5
652	-1.183951	242.438083	6.868384	0.028507	5.4
653	-1.138167	242.768545	6.859779	0.020613	5.4
654	-1.164931	241.865714	6.883340	0.024901	5.4
655	-1.183175	242.865698	6.857253	0.030896	5.7
656	-1.143569	243.865698	6.831364	0.018865	5.9
657	-1.127767	244.864926	6.805689	0.027302	4.8
658	-1.149152	244.580748	6.812971	0.027121	5.9
659	-1.149671	244.351420	6.818859	0.020641	4.8
660	-1.152411	245.351089	6.793267	0.024212	3.8
661	-1.184838	246.351048	6.767858	0.023452	6.4
662	-1.155900	246.831246	6.755724	0.017528	5.0
663	-1.123102	245.928515	6.778571	0.026429	4.5
664	-1.149171	246.928512	6.753271	0.020726	5.5
665	-1.122138	247.927586	6.728183	0.024963	5.6
666	-1.108000	247.230906	6.745658	0.024573	4.8
667	-1.185306	248.168920	6.722150	0.023349	5.3
668	-1.152134	248.568831	6.712178	0.029057	5.5
669	-1.181503	247.663439	6.734798	0.025948	4.7
670	-1.147020	248.643466	6.710320	0.025611	5.2
671	-1.181430	249.641449	6.685576	0.034932	5.1
672	-1.158675	250.605745	6.661840	0.031396	5.0
673	-1.151092	251.605745	6.637402	0.029938	5.1
674	-1.177030	250.698077	6.659576	0.023694	4.8
675	-1.148711	251.698077	6.635155	0.040836	4.9
676	-1.186579	252.698077	6.610912	0.031413	5.9
677	-1.131747	253.698077	6.586846	0.026597	5.2
678	-1.152442	254.698054	6.562955	0.027373	5.4
679	-1.183601	255.698054	6.539236	0.021979	6.7
680	-1.157662	254.790386	6.560758	0.022825	6.0
681	-1.138737	253.939386	6.581065	0.032910	4.9
682	-1.155381	254.939128	6.557221	0.022622	5.8
683	-1.199997	254.039894	6.578660	0.021954	6.0
684	-1.166131	255.022093	6.555251	0.028192	4.7
685	-1.167570	254.114441	6.576877	0.026048	4.8
686	-1.164669	253.206796	6.598647	0.025577	5.2
687	-1.138762	254.206677	6.574673	0.024388	5.2
688	-1.193272	253.299010	6.596429	0.029761	4.5
689	-1.168829	254.299009	6.572468	0.021973	4.0
690	-1.152612	254.129722	6.576512	0.027386	5.2
691	-1.163638	255.129722	6.552695	0.023664	4.8
692	-1.161092	254.222305	6.574300	0.038465	4.2
693	-1.194908	255.222305	6.550499	0.020554	4.7
694	-1.154234	256.222305	6.526870	0.025346	4.7
695	-1.210026	255.319218	6.548202	0.025355	4.4
696	-1.180337	256.319212	6.524589	0.025908	4.4
697	-1.171662	257.319212	6.501146	0.028806	4.9
698	-1.127322	258.319147	6.477873	0.025152	4.6
699	-1.154227	257.669143	6.492983	0.026095	4.6
700	-1.132443	258.669143	6.469766	0.030953	4.4
701	-1.116766	257.761505	6.490832	0.030597	4.9
702	-1.193549	258.761505	6.467630	0.025357	5.0
703	-1.140503	259.761505	6.444594	0.028849	4.7
704	-1.234223	258.853838	6.465496	0.029271	5.1
705	-1.119116	257.946195	6.486534	0.030768	4.6
706	-1.150166	257.038541	6.507709	0.031276	4.0
707	-1.197100	256.130874	6.529023	0.030334	3.8
708	-1.207903	255.223206	6.550478	0.025612	4.3
709	-1.174693	256.223206	6.526849	0.026899	4.8
710	-1.185989	257.223206	6.503390	0.026269	4.2
711	-1.171550	258.223066	6.480102	0.027713	4.2
712	-1.142105	259.223066	6.456977	0.027050	4.9
713	-1.187497	260.222818	6.434023	0.027532	4.6
714	-1.170402	259.321911	6.454700	0.024294	4.9
715	-1.142216	260.321911	6.431756	0.025328	4.8
716	-1.161813	261.321763	6.408978	0.026215	4.9
717	-1.172299	260.414119	6.429649	0.025844	5.1
718	-1.177821	261.413655	6.406893	0.024681	5.1
719	-1.203880	262.410973	6.384347	0.030710	4.2
720	-1.134958	261.568490	6.403382	0.031666	4.7
721	-1.141532	262.568480	6.380801	0.022259	4.6
722	-1.166840	262.290761	6.387056	0.034159	4.8
723	-1.187773	261.383966	6.407566	0.023813	5.0
724	-1.135678	262.383966	6.384955	0.029907	4.1
725	-1.167563	261.479696	6.405395	0.031414	5.0
726	-1.137678	262.479613	6.382801	0.025742	4.9
727	-1.166861	263.479613	6.360364	0.025803	4.1
728	-1.157938	262.673519	6.378438	0.029631	4.0
729	-1.144395	261.769790	6.398823	0.027387	5.5
730	-1.193607	261.553008	6.403733	0.016798	5.1
731	-1.160827	261.954019	6.394657	0.033141	4.1
732	-1.151661	261.050471	6.415143	0.026882	4.1
733	-1.170402	260.142803	6.435854	0.030206	4.4
734	-1.167526	261.088951	6.414267	0.026783	4.9
735	-1.198580	262.088943	6.391609	0.032147	4.4
736	-1.200433	263.088943	6.369111	0.022879	4.5
737	-1.141027	264.079146	6.346988	0.030563	4.2
738	-1.151857	265.079146	6.324802	0.024002	4.8
739	-1.199257	266.079146	6.302770	0.019761	4.9
740	-1.146822	265.171478	6.322761	0.029807	5.2
741	-1.128022	266.171458	6.300744	0.027731	4.7
742	-1.150566	265.775019	6.309455	0.026254	4.6
743	-1.150454	266.775019	6.287530	0.022452	4.4
744	-1.152189	267.670091	6.268034	0.024314	4.7
745	-1.160401	266.762424	6.287805	0.024062	4.7
746	-1.189337	267.762367	6.266031	0.022535	4.1
747	-1.200034	267.263551	6.276874	0.032997	4.1
748	-1.136351	266.356825	6.296680	0.033452	5.0
749	-1.180290	267.356825	6.274844	0.027096	5.2
750	-1.203788	268.356825	6.253158	0.023738	5.2
751	-1.149769	267.451829	6.272777	0.024912	4.7
752	-1.182262	266.544162	6.292578	0.026096	5.1
753	-1.145603	265.680835	6.311527	0.023268	4.6
754	-1.152657	266.600369	6.291348	0.028365	4.5
755	-1.167833	267.598608	6.269587	0.023503	4.3
756	-1.134318	268.598608	6.247937	0.024906	5.0
757	-1.173115	269.598607	6.226437	0.022994	4.1
758	-1.165215	270.546403	6.206195	0.030269	4.1
759	-1.121937	271.543228	6.185048	0.025515	4.6
760	-1.166188	272.069826	6.173935	0.029240	4.2
761	-1.151391	273.069779	6.152941	0.022301	5.2
762	-1.135041	274.036914	6.132771	0.025257	5.0
763	-1.175989	273.129254	6.151697	0.028105	5.1
764	-1.197097	274.125580	6.130929	0.027709	5.2
765	-1.140795	275.125580	6.110225	0.031519	4.8
766	-1.148838	274.221293	6.128941	0.026501	5.3
767	-1.164188	273.313625	6.147843	0.030027	5.1
768	-1.153404	274.313625	6.127025	0.027792	5.3
769	-1.164389	275.313625	6.106348	0.021870	4.6
770	-1.135425	276.195423	6.088230	0.026086	4.5
771	-1.116814	277.193932	6.067843	0.022733	4.5
772	-1.106716	278.193932	6.047562	0.038347	5.0
773	-1.144112	279.193932	6.027417	0.036048	3.9
774	-1.161558	280.193932	6.007405	0.033009	4.2
775	-1.126663	281.193928	5.987526	0.029832	4.6
776	-1.140432	282.168652	5.968275	0.036024	5.0
777	-1.163653	281.260984	5.986198	0.028364	4.7
778	-1.169458	280.354125	6.004212	0.029047	4.7
779	-1.176843	279.446457	6.022351	0.023518	4.9
780	-1.193625	280.445828	6.002385	0.024309	4.4
781	-1.115654	279.542664	6.020423	0.026462	4.7
782	-1.146306	280.542625	6.000458	0.028154	4.8
783	-1.200808	281.542624	5.980625	0.026251	4.7
784	-1.187974	282.542624	5.960922	0.032921	5.0
785	-1.179576	283.542603	5.941349	0.019686	5.3
786	-1.180901	284.487012	5.922982	0.020925	4.6
787	-1.186753	283.586230	5.940498	0.030895	4.3
788	-1.163394	284.586230	5.921059	0.026667	4.1
789	-1.238203	283.678562	5.938698	0.026473	4.5
790	-1.195692	284.678562	5.919270	0.032368	5.1
791	-1.142746	285.678562	5.899969	0.024488	4.6
792	-1.155217	286.678485	5.880795	0.026506	5.0
793	-1.135812	287.678485	5.861743	0.026261	4.3
794	-1.164816	288.678485	5.842815	0.023819	4.7
795	-1.234752	289.678324	5.824011	0.030306	3.6
796	-1.129954	290.678324	5.805325	0.019738	4.7
797	-1.193075	291.678324	5.786759	0.028832	5.0
798	-1.157189	292.553189	5.770613	0.023607	5.0
799	-1.200023	291.645521	5.787366	0.027977	4.9
800	-1.163605	292.645220	5.768919	0.044612	4.3
801	-1.171498	293.645220	5.750585	0.030648	4.2
802	-1.173595	292.737553	5.767222	0.029145	5.0
803	-1.165623	291.829885	5.783955	0.027980	5.1
804	-1.162375	292.817774	5.765747	0.025214	5.1
805	-1.171134	293.817774	5.747433	0.020691	5.4
806	-1.153633	294.734083	5.730753	0.025797	4.4
807	-1.177914	293.826441	5.747274	0.025010	4.8
808	-1.185839	292.918993	5.763888	0.028291	4.0
809	-1.138875	293.918517	5.745594	0.025744	4.1
810	-1.129587	294.918442	5.727408	0.022164	4.3
811	-1.148520	295.918442	5.709336	0.027906	5.1
812	-1.114251	296.918436	5.691378	0.025366	4.7
813	-1.137627	297.918436	5.673532	0.031623	4.9
814	-1.101179	298.918436	5.655798	0.026088	4.1
815	-1.168474	299.918388	5.638175	0.029359	4.5
816	-1.159584	300.918379	5.620661	0.024877	4.0
817	-1.156406	300.010714	5.636553	0.023528	4.6
818	-1.148756	300.866888	5.621560	0.024548	4.8
819	-1.110579	299.959220	5.637458	0.028100	4.9
820	-1.172489	299.051913	5.653439	0.026577	3.8
821	-1.128408	300.051913	5.635830	0.023895	4.3
822	-1.194213	299.144342	5.651807	0.028330	4.8
823	-1.191088	300.143663	5.634220	0.037942	4.9
824	-1.174289	301.143663	5.616730	0.031655	5.0
825	-1.133369	302.143663	5.599348	0.026452	4.8
826	-1.185482	303.143663	5.582074	0.024190	4.5
827	-1.178206	304.113952	5.565415	0.028029	5.0
828	-1.170182	305.113772	5.548352	0.025760	4.4
829	-1.203470	304.206107	5.563838	0.031288	4.7
830	-1.176171	303.300244	5.579379	0.023842	6.1
831	-1.113914	303.750833	5.571638	0.022851	4.5
832	-1.157747	302.845192	5.587219	0.023959	4.4
833	-1.187912	303.817026	5.570502	0.022501	4.3
834	-1.146943	302.909358	5.586112	0.018758	5.0
835	-1.170100	302.001698	5.601809	0.024093	4.7
836	-1.176608	303.001475	5.584524	0.021793	4.4
837	-1.135259	303.996066	5.567433	0.028801	4.0
838	-1.201245	304.996066	5.550355	0.021966	4.5
839	-1.154894	304.088497	5.565850	0.026331	5.1
840	-1.155810	305.081954	5.548893	0.029107	5.1
841	-1.152054	304.174286	5.564382	0.032118	4.5
842	-1.129887	305.174286	5.547323	0.022049	4.0
843	-1.183234	304.279042	5.562590	0.026509	4.2
844	-1.160899	305.279039	5.545542	0.027041	4.0
845	-1.199475	304.371669	5.561007	0.019567	5.8
846	-1.122662	303.464182	5.576560	0.030865	4.9
847	-1.153358	303.549429	5.575095	0.022871	4.8
848	-1.165375	302.641761	5.590731	0.028743	4.0
849	-1.159993	303.641760	5.573510	0.023631	4.8
850	-1.148603	302.774229	5.588443	0.018688	4.8
851	-1.160645	303.756837	5.571535	0.024866	4.6
852	-1.211479	302.849459	5.587145	0.021603	5.4
853	-1.136930	301.946683	5.602764	0.023543	4.7
854	-1.124891	301.040054	5.618537	0.036992	4.0
855	-1.215360	302.040054	5.601144	0.021999	5.1
856	-1.130605	301.522177	5.610138	0.023543	4.6
857	-1.161100	301.417108	5.611966	0.032907	4.3
858	-1.145908	300.509441	5.627810	0.032991	4.2
859	-1.233088	301.509425	5.610360	0.035344	4.3
860	-1.189539	300.601757	5.626194	0.017497	4.7
861	-1.189052	299.694089	5.642118	0.029368	4.4
862	-1.196689	300.694087	5.624580	0.023793	4.6
863	-1.176457	301.658488	5.607768	0.026140	4.2
864	-1.136684	300.750820	5.623588	0.023609	3.8
865	-1.139836	299.843153	5.639497	0.038641	4.3
866	-1.103502	298.935485	5.655496	0.018445	4.0
867	-1.180614	299.935485	5.637874	0.030667	5.2
868	-1.134283	299.027818	5.653865	0.022194	4.7
869	-1.184608	298.704552	5.659582	0.033515	4.1
870	-1.142205	297.796884	5.675695	0.030993	4.1
871	-1.142350	298.796884	5.657947	0.022664	5.5
872	-1.150492	297.896665	5.673919	0.027121	5.1
873	-1.189518	298.617909	5.661116	0.031480	4.8
874	-1.149338	297.710242	5.677238	0.026890	4.4
875	-1.175462	296.802574	5.693453	0.031804	4.9
876	-1.174138	297.802574	5.675594	0.020538	4.0
877	-1.169904	296.894906	5.691799	0.034751	5.9
878	-1.190077	295.987239	5.708097	0.030302	4.9
879	-1.161258	296.987239	5.690146	0.031241	4.3
880	-1.176009	297.987239	5.672308	0.029914	4.2
881	-1.157528	298.987046	5.654585	0.027900	4.8
882	-1.155535	299.986786	5.636973	0.024206	5.0
883	-1.162740	300.986786	5.619467	0.025397	4.9
884	-1.146000	300.079118	5.635352	0.026876	4.2
885	-1.136811	301.053724	5.618299	0.026744	4.8
886	-1.141948	302.053724	5.600907	0.036094	5.0
887	-1.243070	301.146056	5.616688	0.026372	4.9
888	-1.188576	302.140923	5.599396	0.034345	4.9
889	-1.138610	303.140814	5.582123	0.027399	5.2
890	-1.196274	302.281364	5.596963	0.022483	4.3
891	-1.173819	302.118105	5.599791	0.029926	5.1
892	-1.172170	303.117842	5.582519	0.028988	5.0
893	-1.196143	302.236100	5.597747	0.037914	4.6
894	-1.184198	301.328432	5.613510	0.026858	4.6
895	-1.154954	302.328432	5.596149	0.027695	4.4
896	-1.206297	303.136529	5.582197	0.020876	4.9
897	-1.192398	304.136453	5.565030	0.028275	5.2
898	-1.141225	303.230195	5.580584	0.034207	5.1
899	-1.157637	304.230195	5.563426	0.026181	4.8
900	-1.168865	305.230195	5.546372	0.027775	5.0
901	-1.155325	306.228562	5.529450	0.024982	4.4
902	-1.189495	307.228170	5.512610	0.029176	4.3
903	-1.135150	308.200000	5.496336	0.024629	4.9
904	-1.139886	309.199999	5.479691	0.032233	5.7
905	-1.194636	309.856425	5.468819	0.027940	5.3
906	-1.178692	310.206284	5.463042	0.033542	5.1
907	-1.175337	309.298617	5.478055	0.025608	4.4
908	-1.167631	310.298617	5.461520	0.029111	4.6
909	-1.179833	309.390980	5.476524	0.029508	5.5
910	-1.175094	308.483313	5.491610	0.030051	4.5
911	-1.151844	307.575645	5.506781	0.025354	4.8
912	-1.178419	308.575635	5.490072	0.026717	4.7
913	-1.143880	307.742535	5.503985	0.029082	4.6
914	-1.158563	308.742535	5.487293	0.027647	5.7
915	-1.191635	309.742535	5.470702	0.021177	5.2
916	-1.156501	310.742535	5.454212	0.024995	4.2
917	-1.172934	309.834875	5.469175	0.019792	4.7
918	-1.165792	310.834875	5.452694	0.023163	4.9
919	-1.164422	310.340903	5.460823	0.025559	4.8
920	-1.184583	310.015134	5.466197	0.032736	5.0
921	-1.202795	311.013157	5.449766	0.034820	4.6
922	-1.178482	312.013157	5.433401	0.029200	4.3
923	-1.195134	312.887259	5.419176	0.023331	5.0
924	-1.147625	313.887259	5.402994	0.023471	5.1
925	-1.139896	313.335815	5.411906	0.029017	5.5
926	-1.181656	312.617498	5.423558	0.028007	4.6
927	-1.148046	311.709891	5.438353	0.023410	5.0
928	-1.147467	310.803661	5.453207	0.025444	4.0
929	-1.204446	311.803660	5.436821	0.023920	4.5
930	-1.136106	311.210259	5.446532	0.022630	4.8
931	-1.126979	312.209932	5.430192	0.022281	5.3
932	-1.119449	311.303431	5.445005	0.030839	4.2
933	-1.167842	312.301182	5.428706	0.023712	4.9
934	-1.187775	313.301182	5.412467	0.030394	4.9
935	-1.124042	314.301182	5.396324	0.029616	5.0
936	-1.160233	315.300948	5.380282	0.023125	5.4
937	-1.138778	314.393280	5.394843	0.026318	4.1
938	-1.187767	315.364380	5.379267	0.024791	4.2
939	-1.152246	314.456712	5.393823	0.025338	4.5
940	-1.174042	313.550109	5.408439	0.022883	5.5
941	-1.159500	314.519154	5.392819	0.020730	5.1
942	-1.185780	314.837992	5.387699	0.033290	4.6
943	-1.123337	314.171742	5.398408	0.028618	4.7
944	-1.208832	315.171742	5.382350	0.020679	4.6
945	-1.177322	314.264078	5.396922	0.026289	6.2
946	-1.143345	313.361078	5.411497	0.024876	4.5
947	-1.159282	314.361078	5.395361	0.028640	5.3
948	-1.130341	315.347538	5.379537	0.024608	6.0
949	-1.152245	316.347528	5.363590	0.028833	5.3
950	-1.167465	315.441350	5.378037	0.025260	4.5
951	-1.184080	316.240874	5.365287	0.026166	4.5
952	-1.149325	315.333206	5.379766	0.024029	4.7
953	-1.183613	316.323258	5.363976	0.026364	5.1
954	-1.147233	315.427308	5.378261	0.021716	5.0
955	-1.166862	316.427308	5.362322	0.024200	4.9
956	-1.136300	317.427305	5.346477	0.028034	6.0
957	-1.164394	316.540691	5.360521	0.026238	5.0
958	-1.162953	315.633023	5.374975	0.020322	4.9
959	-1.195658	316.633023	5.359055	0.024363	4.3
960	-1.191287	315.725355	5.373501	0.027683	5.3
961	-1.168243	316.724152	5.357609	0.028486	5.5
962	-1.146204	315.920964	5.370381	0.032754	4.7
963	-1.179415	315.640767	5.374851	0.027805	4.8
964	-1.149450	314.733099	5.389382	0.027800	4.5
965	-1.148651	315.733099	5.373377	0.026339	4.5
966	-1.176784	314.825432	5.387900	0.025180	5.4
967	-1.147427	315.825428	5.371904	0.024168	5.0
968	-1.149652	315.224515	5.381505	0.021889	5.4
969	-1.175832	314.317460	5.396062	0.016843	5.0
970	-1.151253	313.415635	5.410614	0.028240	4.4
971	-1.232157	313.456413	5.409954	0.025929	4.4
972	-1.196654	314.425926	5.394318	0.027093	4.9
973	-1.182298	313.629027	5.407164	0.021775	5.9
974	-1.162851	314.629027	5.391053	0.030306	5.6
975	-1.160130	315.629027	5.375038	0.030169	4.6
976	-1.169604	316.629027	5.359119	0.020199	4.4
977	-1.155117	317.629027	5.343293	0.023951	3.9
978	-1.181676	318.608938	5.327875	0.029189	4.9
979	-1.122266	319.608937	5.312233	0.022704	4.4
980	-1.144871	320.608936	5.296682	0.027730	3.9
981	-1.162285	319.731002	5.310330	0.022264	4.5
982	-1.171592	318.823335	5.324514	0.024304	4.5
983	-1.134347	317.915680	5.338773	0.030232	5.2
984	-1.123119	318.641021	5.327372	0.022036	4.8
985	-1.180600	319.640955	5.311733	0.020038	4.7
986	-1.159478	318.733290	5.325925	0.033614	5.6
987	-1.137954	317.825623	5.340192	0.023290	6.9
988	-1.161956	318.825623	5.324478	0.023419	6.6
989	-1.160309	319.715800	5.310567	0.022616	14.9
990	-1.182930	320.715800	5.295026	0.027968	8.9
991	-1.189624	319.808132	5.309128	0.023087	12.0
992	-1.155199	320.173976	5.303435	0.022425	8.4
993	-1.165920	321.169736	5.288001	0.026021	8.0
994	-1.166113	322.169736	5.272592	0.024366	7.9
995	-1.172609	321.322482	5.285642	0.023861	5.5
996	-1.112910	322.322482	5.270246	0.024486	5.8
997	-1.167944	323.322481	5.254940	0.024007	6.1
998	-1.181079	322.414814	5.268829	0.030226	7.0
999	-1.177418	323.414272	5.253539	0.035447	6.3
