1:ItNr	2:Metric	3a:Time	3b:StepSize	4:||Gradient||	Time[ms]
0	-0.875132	0.000000	116.079566	0.021758	27.4
1	-0.911311	0.000000	116.079566	0.017624	3.0
2	-0.966436	0.000000	116.079566	0.016200	3.2
3	-0.989414	0.000000	116.079566	0.016605	3.2
4	-0.976515	0.000000	116.079566	0.015821	2.9
5	-1.018014	1.000000	110.803222	0.012706	2.8
6	-0.983814	2.000000	105.985691	0.009701	2.8
7	-0.986613	1.910057	106.401782	0.010653	2.7
8	-1.039778	2.909540	101.953900	0.013524	2.8
9	-1.032717	3.899327	97.901073	0.012390	3.0
10	-1.050365	4.899327	94.121011	0.010311	3.3
11	-1.020656	5.899327	90.622001	0.014733	3.0
12	-1.006581	6.899327	87.373822	0.010528	2.9
13	-1.002367	7.899327	84.350436	0.008808	2.8
14	-0.993891	7.809406	84.613717	0.006409	2.8
15	-0.980730	7.719463	84.878707	0.012922	2.8
16	-1.023081	7.766081	84.741152	0.014512	3.7
17	-1.002015	8.766081	81.894249	0.008175	3.3
18	-1.050671	8.705438	82.061434	0.009397	3.3
19	-1.033223	9.705438	79.388897	0.008732	3.2
20	-1.014355	10.694733	76.910913	0.007079	3.0
21	-1.040367	10.604806	77.129752	0.009225	3.0
22	-1.045218	10.514863	77.349879	0.012883	3.1
23	-1.057616	11.514863	74.970973	0.008008	2.8
24	-1.056173	12.502463	72.760945	0.010282	2.8
25	-1.035368	12.412520	72.956810	0.007237	3.2
26	-1.009345	12.322577	73.153732	0.008878	3.3
27	-1.031367	13.315995	71.035995	0.012808	3.1
28	-1.039594	14.315995	69.024556	0.012969	3.2
29	-1.042718	15.315995	67.123890	0.008126	3.3
30	-1.060771	16.315995	65.325094	0.007443	3.1
31	-1.077632	16.563293	64.895027	0.009882	3.1
32	-1.047185	16.473979	65.049695	0.013740	3.1
33	-1.060665	17.473979	63.358949	0.014080	3.0
34	-1.076713	18.473979	61.753868	0.009321	3.0
35	-1.052390	19.473979	60.228101	0.009311	2.8
36	-1.088692	20.473979	58.775911	0.008040	2.8
37	-1.015920	21.473979	57.392101	0.006962	2.8
38	-1.049263	21.384038	57.513889	0.009352	3.4
39	-1.045043	22.384038	56.188197	0.009668	3.4
40	-1.025805	23.384038	54.922242	0.006837	2.9
41	-1.022992	24.384020	53.712097	0.008606	3.2
42	-1.048572	24.313967	53.795133	0.007679	3.2
43	-1.074593	24.224507	53.901547	0.005721	3.0
44	-1.027938	25.224015	52.736026	0.011127	3.4
45	-1.044619	25.134089	52.838821	0.011518	3.2
46	-1.084515	26.134089	51.717789	0.007373	3.0
47	-1.077781	26.044425	51.816360	0.009217	2.9
48	-1.068807	27.019662	50.764016	0.008455	2.8
49	-1.049488	26.929719	50.859277	0.007021	2.8
50	-1.038913	27.929719	49.819842	0.012401	2.9
51	-1.015032	27.839776	49.911590	0.011386	3.5
52	-1.102103	28.839776	48.910149	0.007277	3.6
53	-1.058726	28.749833	48.998574	0.005103	3.3
54	-1.036351	28.699037	49.048654	0.007410	3.5
55	-1.078545	29.560456	48.212992	0.015123	3.7
56	-1.070568	30.560456	47.277915	0.010966	3.0
57	-1.111162	31.560456	46.378419	0.006748	3.1
58	-1.033447	32.560456	45.512512	0.010523	3.1
59	-1.064329	33.560456	44.678345	0.008302	3.2
60	-1.071982	33.789177	44.491832	0.006743	3.3
61	-1.062154	33.699236	44.564989	0.007754	3.1
62	-1.021450	33.629596	44.621800	0.006568	3.0
63	-1.022758	33.539657	44.695384	0.007336	3.1
64	-1.041437	34.497739	43.923787	0.007160	3.1
65	-1.090771	34.407920	43.994990	0.010292	3.2
66	-1.063982	35.407920	43.215046	0.010187	3.2
67	-1.068023	36.407920	42.462275	0.008792	3.3
68	-1.089049	37.407907	41.735289	0.008764	3.3
69	-1.046440	38.407907	41.032769	0.009960	3.4
70	-1.008677	39.407907	40.353507	0.010118	3.2
71	-1.026233	40.407907	39.696368	0.007708	3.0
72	-1.030165	40.317964	39.754596	0.012476	2.8
73	-1.064887	41.317962	39.116666	0.008998	2.8
74	-1.092100	42.317962	38.498884	0.008780	2.8
75	-1.047808	42.228021	38.553648	0.011431	3.2
76	-1.086886	43.228021	37.953386	0.008860	3.3
77	-1.083742	43.138078	38.006610	0.007103	3.0
78	-1.065472	43.048135	38.059982	0.009642	3.8
79	-1.066145	43.825809	37.603401	0.015058	3.8
80	-1.092541	44.825809	37.032145	0.009568	3.3
81	-1.064078	45.825809	36.477986	0.006856	4.3
82	-1.046212	45.735866	36.527149	0.006001	3.8
83	-1.043170	46.735865	35.987890	0.008758	3.8
84	-1.085126	46.645923	36.035740	0.011104	3.6
85	-1.038508	47.645923	35.510789	0.007920	3.6
86	-1.030659	47.578726	35.545584	0.006262	4.2
87	-1.045879	48.571119	35.038546	0.006821	3.9
88	-1.069706	48.483549	35.082705	0.010878	4.0
89	-1.064337	49.483549	34.584962	0.005133	4.1
90	-1.076177	49.393606	34.629152	0.008741	4.0
91	-1.040959	50.393603	34.144108	0.009195	3.3
92	-1.078024	50.314077	34.182184	0.009963	3.0
93	-1.078854	51.314077	33.709493	0.010975	3.0
94	-1.054965	51.224134	33.751473	0.010029	3.3
95	-1.075411	52.224134	33.290539	0.008298	3.0
96	-1.074470	52.134191	33.331481	0.007378	2.8
97	-1.044206	53.134191	32.881871	0.009770	2.9
98	-1.060091	54.134152	32.444246	0.009720	3.0
99	-1.041796	55.134152	32.018100	0.008322	2.8
100	-1.077298	55.044208	32.055970	0.015884	2.9
101	-1.133356	56.044208	31.639898	0.008632	3.5
102	-1.074077	57.044208	31.234488	0.008164	3.1
103	-1.070147	57.054093	31.230532	0.006750	3.0
104	-1.050380	57.285037	31.138401	0.006983	3.1
105	-1.050884	57.195094	31.174218	0.008491	3.2
106	-1.035264	57.105169	31.210110	0.008432	3.0
107	-1.075498	57.049799	31.232250	0.009592	3.0
108	-1.081082	58.049365	30.837324	0.008430	3.2
109	-1.078657	57.959422	30.872451	0.007750	2.7
110	-1.018799	58.948872	30.490372	0.008891	3.2
111	-1.104729	59.280985	30.364237	0.011986	3.2
112	-1.096578	59.191042	30.398294	0.006749	3.3
113	-1.099742	60.191042	30.023890	0.009088	3.8
114	-1.093654	60.101135	30.057174	0.010901	3.8
115	-1.087249	61.101135	29.691074	0.011234	3.2
116	-1.093004	62.101135	29.333786	0.007438	3.2
117	-1.067750	62.011192	29.365569	0.010674	3.1
118	-1.065382	61.921249	29.397421	0.010177	3.1
119	-1.044049	62.918478	29.048083	0.007355	3.8
120	-1.118906	62.865512	29.066428	0.010307	3.0
121	-1.082107	62.776432	29.097335	0.008379	3.0
122	-1.061614	63.776431	28.754111	0.008679	3.4
123	-1.085514	64.754078	28.426297	0.009394	3.1
124	-1.046270	64.664139	28.456142	0.011816	3.8
125	-1.071359	65.343601	28.232212	0.009775	3.4
126	-1.025125	66.343601	27.908981	0.009011	3.2
127	-1.063090	66.283068	27.928336	0.007387	3.1
128	-1.112167	66.770262	27.773312	0.008440	2.8
129	-1.043658	66.680319	27.801802	0.007915	2.9
130	-1.084871	66.590376	27.830351	0.008714	2.9
131	-1.108342	66.500433	27.858958	0.009725	3.3
132	-1.071957	66.410490	27.887624	0.009264	3.3
133	-1.044858	66.320547	27.916349	0.010399	3.0
134	-1.094440	67.320547	27.600269	0.007511	2.8
135	-1.082293	67.230604	27.628405	0.005550	2.8
136	-1.104367	67.177810	27.644947	0.008405	2.8
137	-1.085805	68.177810	27.334949	0.007641	3.1
138	-1.088139	69.177810	27.031826	0.009406	3.2
139	-1.105256	70.177810	26.735352	0.006912	3.4
140	-1.097263	71.167959	26.448138	0.007620	3.6
141	-1.059595	71.078016	26.473973	0.007470	3.8
142	-1.110740	70.988073	26.499858	0.008812	3.1
143	-1.119155	70.898130	26.525794	0.007474	2.8
144	-1.047916	71.881672	26.244907	0.009000	2.8
145	-1.075322	71.791891	26.270301	0.009630	3.1
146	-1.097924	72.791891	25.990209	0.010627	3.3
147	-1.115601	73.791891	25.716028	0.009790	3.8
148	-1.072811	73.701948	25.740451	0.008493	3.7
149	-1.087184	73.612005	25.764921	0.009026	3.4
150	-1.104204	73.522062	25.789438	0.005736	3.6
151	-1.106417	73.432119	25.814002	0.008485	3.8
152	-1.032159	73.492440	25.797523	0.007471	3.3
153	-1.067524	73.690752	25.743495	0.009215	3.3
154	-1.041820	74.690752	25.474467	0.009964	2.8
155	-1.077547	75.690752	25.211003	0.007828	3.5
156	-1.075778	75.601186	25.234378	0.004932	3.9
157	-1.074822	75.511243	25.257895	0.006324	3.3
158	-1.071659	75.421345	25.281444	0.008765	3.5
159	-1.054479	75.332210	25.304837	0.007836	3.2
160	-1.103717	75.763939	25.191935	0.007441	3.1
161	-1.107101	75.674119	25.215341	0.005719	2.9
162	-1.073930	75.584176	25.238823	0.008403	2.9
163	-1.078674	75.494233	25.262348	0.010400	2.9
164	-1.133535	75.404290	25.285917	0.010268	3.6
165	-1.087602	75.314347	25.309530	0.010581	3.2
166	-1.096421	75.274575	25.319986	0.006976	3.2
167	-1.068888	75.722082	25.202837	0.011840	3.2
168	-1.049607	75.632139	25.226295	0.011745	3.1
169	-1.119524	76.632139	24.967914	0.008187	3.2
170	-1.116238	76.542196	24.990937	0.010115	3.6
171	-1.098014	77.542196	24.737331	0.006420	3.4
172	-1.100051	77.452253	24.759930	0.011207	3.1
173	-1.069354	78.452253	24.510967	0.010064	3.0
174	-1.113022	79.452253	24.266961	0.006462	2.9
175	-1.104427	80.450009	24.028296	0.010161	3.2
176	-1.066279	80.361759	24.049216	0.011077	3.8
177	-1.092226	81.361447	23.814346	0.009262	3.7
178	-1.104141	82.361447	23.583947	0.008410	3.3
179	-1.118768	83.361447	23.357964	0.007406	3.7
180	-1.081198	83.822490	23.255228	0.007669	3.5
181	-1.108366	83.732547	23.275199	0.008054	3.4
182	-1.077007	84.718855	23.058052	0.006227	3.1
183	-1.088445	84.628912	23.077686	0.007388	3.1
184	-1.133926	84.569594	23.090653	0.006352	2.8
185	-1.081662	84.499502	23.105994	0.009566	3.6
186	-1.092145	84.965620	23.004356	0.006890	3.5
187	-1.110920	85.965614	22.789294	0.008043	3.4
188	-1.149119	86.964690	22.578409	0.005723	3.4
189	-1.124154	86.921098	22.587529	0.011238	2.8
190	-1.080184	86.831155	22.606369	0.010082	2.7
191	-1.088269	87.831155	22.398649	0.007385	3.4
192	-1.096086	87.746114	22.416165	0.007264	3.1
193	-1.130032	87.656174	22.434720	0.007799	3.0
194	-1.122423	87.566259	22.453301	0.005223	2.9
195	-1.095348	88.563971	22.248837	0.006098	2.8
196	-1.123561	88.474174	22.267086	0.006704	2.7
197	-1.110271	88.384370	22.285367	0.005516	3.0
198	-1.099468	89.214333	22.117549	0.006729	3.5
199	-1.120210	89.438138	22.072727	0.008486	3.1
200	-1.102416	89.583621	22.043688	0.006809	3.0
201	-1.156139	90.583621	21.846135	0.007749	3.1
202	-1.119508	90.493678	21.863759	0.007038	3.0
203	-1.093695	91.085236	21.748367	0.011049	3.3
204	-1.088740	90.995294	21.765833	0.006054	3.3
205	-1.120853	91.995278	21.573210	0.007705	3.3
206	-1.109432	91.905339	21.590395	0.006047	3.2
207	-1.129953	92.905323	21.400851	0.006263	4.0
208	-1.142663	93.074916	21.369035	0.010422	4.0
209	-1.139250	94.074912	21.183339	0.007847	3.4
210	-1.129800	93.984969	21.199909	0.009404	3.1
211	-1.110828	94.984965	21.017128	0.007158	3.2
212	-1.098906	94.895022	21.033439	0.006217	3.6
213	-1.093808	94.808557	21.049143	0.007272	4.1
214	-1.079342	95.808553	20.868942	0.007486	3.2
215	-1.109566	96.808551	20.691799	0.010286	3.6
216	-1.084890	97.793748	20.520195	0.006411	3.4
217	-1.063954	98.793748	20.348899	0.004924	3.4
218	-1.125192	98.703862	20.364179	0.005096	3.4
219	-1.145894	98.614684	20.379362	0.006116	3.1
220	-1.085554	99.614627	20.210408	0.008813	3.3
221	-1.106918	100.584262	20.049230	0.010536	3.9
222	-1.060217	101.584211	19.885684	0.006955	3.4
223	-1.101966	102.584131	19.724789	0.009009	3.1
224	-1.133170	103.584001	19.566484	0.006015	3.0
225	-1.111228	103.494058	19.580620	0.007255	2.9
226	-1.066207	103.405237	19.594600	0.007276	3.1
227	-1.155057	104.401821	19.438879	0.006498	3.1
228	-1.095105	104.311878	19.452832	0.008277	3.4
229	-1.132310	104.221935	19.466804	0.007405	3.2
230	-1.106376	104.131999	19.480796	0.008981	3.4
231	-1.111765	105.131999	19.326348	0.005847	3.5
232	-1.101985	105.520321	19.267031	0.007725	3.7
233	-1.064279	106.497528	19.119358	0.009148	4.0
234	-1.105219	106.407585	19.132855	0.005611	3.4
235	-1.082513	106.317642	19.146372	0.008655	3.4
236	-1.092293	107.317642	18.997161	0.009388	3.4
237	-1.113502	108.317102	18.850336	0.007103	3.3
238	-1.093592	109.312206	18.706389	0.008995	4.1
239	-1.162372	109.246048	18.715891	0.009768	3.9
240	-1.101390	109.156105	18.728825	0.005061	3.8
241	-1.132830	110.147664	18.587223	0.005851	3.9
242	-1.080440	111.099420	18.453305	0.011741	4.1
243	-1.102252	112.099063	18.314711	0.007916	3.1
244	-1.067700	113.099063	18.178135	0.009201	3.2
245	-1.128877	113.009535	18.190279	0.005591	3.3
246	-1.144817	112.948877	18.198517	0.007144	4.1
247	-1.109480	112.858934	18.210745	0.009725	3.9
248	-1.096414	113.780370	18.086246	0.009811	3.3
249	-1.111541	114.780370	17.953044	0.006053	2.9
250	-1.097592	114.690426	17.964944	0.007866	3.3
251	-1.142929	115.690426	17.833516	0.012766	3.2
252	-1.172714	115.600484	17.845258	0.007178	3.6
253	-1.135968	115.510541	17.857016	0.011748	3.4
254	-1.087473	116.510541	17.727157	0.010017	2.9
255	-1.114310	117.510541	17.599172	0.007956	2.8
256	-1.142640	118.493529	17.475154	0.008029	2.8
257	-1.150324	118.403586	17.486429	0.008543	2.8
258	-1.067123	119.403586	17.361885	0.005789	3.1
259	-1.141365	119.313643	17.373014	0.009187	3.3
260	-1.052984	119.223700	17.384157	0.007698	3.2
261	-1.106042	119.133757	17.395315	0.010791	3.4
262	-1.089667	120.133757	17.272061	0.010703	3.2
263	-1.074557	121.133757	17.150541	0.007193	2.8
264	-1.093575	122.123537	17.031936	0.005930	3.1
265	-1.082166	122.035282	17.042445	0.006976	3.2
266	-1.147103	123.015217	16.926481	0.007231	3.1
267	-1.117136	122.925496	16.937033	0.011053	3.2
268	-1.133004	123.925496	16.820166	0.008507	3.3
269	-1.122648	124.925496	16.704900	0.006877	3.3
270	-1.091909	124.835589	16.715199	0.009558	3.8
271	-1.059095	124.745646	16.725514	0.007427	3.1
272	-1.097496	125.745646	16.611538	0.006227	3.2
273	-1.100325	126.745646	16.499105	0.008107	3.8
274	-1.111945	126.656103	16.509110	0.010962	3.5
275	-1.154998	126.566160	16.519173	0.008110	3.0
276	-1.085910	127.566094	16.407989	0.006807	3.1
277	-1.097813	128.566087	16.298286	0.007695	3.3
278	-1.089089	129.556750	16.191043	0.005979	2.9
279	-1.119176	129.467207	16.200679	0.007789	3.0
280	-1.116962	130.467203	16.093721	0.008426	3.3
281	-1.115234	130.377260	16.103283	0.011503	3.1
282	-1.071233	131.377260	15.997603	0.007244	3.0
283	-1.127159	132.377260	15.893301	0.006175	2.8
284	-1.105012	133.363144	15.791793	0.008127	2.8
285	-1.068951	134.363144	15.690149	0.009173	2.9
286	-1.103061	134.273385	15.699219	0.009856	3.3
287	-1.108599	134.325370	15.693965	0.010300	3.1
288	-1.119831	135.325206	15.593588	0.006764	3.0
289	-1.095377	135.235263	15.602565	0.007150	3.2
290	-1.101427	135.206174	15.605471	0.007665	3.1
291	-1.145427	136.197715	15.507038	0.006659	3.2
292	-1.106894	136.107772	15.515915	0.005405	3.2
293	-1.104917	136.017853	15.524801	0.005890	2.8
294	-1.091000	135.927917	15.533698	0.007216	2.9
295	-1.100612	135.837974	15.542606	0.009262	3.7
296	-1.118574	136.837970	15.444135	0.009393	3.7
297	-1.116613	136.748027	15.452941	0.008347	4.2
298	-1.095639	137.748027	15.355598	0.009159	4.1
299	-1.079119	138.748027	15.259474	0.008513	4.1
300	-1.101852	138.658120	15.268067	0.008984	3.6
301	-1.119013	138.607072	15.272950	0.007669	3.4
302	-1.131152	139.607072	15.177855	0.008743	3.6
303	-1.090484	139.557418	15.182549	0.010750	4.1
304	-1.171390	139.467475	15.191059	0.008509	4.1
305	-1.044194	140.467475	15.096978	0.005995	3.8
306	-1.144665	141.456703	15.005050	0.006973	3.3
307	-1.130880	141.366760	15.013362	0.008174	3.0
308	-1.136954	141.278503	15.021527	0.007505	3.2
309	-1.124778	142.278503	14.929527	0.007410	3.1
310	-1.135603	142.188560	14.937756	0.004758	3.2
311	-1.105826	142.098617	14.945994	0.006926	2.8
312	-1.073177	142.008675	14.954240	0.006953	2.8
313	-1.103838	143.008471	14.863079	0.005249	2.8
314	-1.088413	143.988837	14.774763	0.004994	2.9
315	-1.114994	144.048678	14.769406	0.008853	3.6
316	-1.118162	143.958805	14.777452	0.008986	3.6
317	-1.135993	144.958805	14.688409	0.008199	3.2
318	-1.135103	145.954248	14.600832	0.015133	3.9
319	-1.090525	146.954248	14.513898	0.005331	3.6
320	-1.099840	146.864305	14.521675	0.008113	4.0
321	-1.119590	146.774362	14.529460	0.008770	3.3
322	-1.081855	146.684419	14.537253	0.008409	3.2
323	-1.125494	147.684419	14.451073	0.007058	3.6
324	-1.114373	147.594476	14.458783	0.008653	3.5
325	-1.089555	148.594442	14.373530	0.006818	3.2
326	-1.105001	149.592156	14.289466	0.009750	3.9
327	-1.092789	150.592132	14.206193	0.008304	4.2
328	-1.152529	150.502189	14.213643	0.006442	3.9
329	-1.106529	150.412373	14.221091	0.006197	2.9
330	-1.114760	150.328055	14.228089	0.006362	2.8
331	-1.134221	150.238125	14.235562	0.007100	3.0
332	-1.113406	150.199457	14.238777	0.005899	3.6
333	-1.109957	151.198547	14.156164	0.013398	3.8
334	-1.125960	151.108604	14.163562	0.009317	3.1
335	-1.070074	152.108604	14.081743	0.006657	2.8
336	-1.121716	152.368575	14.060627	0.007859	3.0
337	-1.104121	153.359414	13.980724	0.008065	3.4
338	-1.144178	154.359414	13.900998	0.005670	3.9
339	-1.102989	154.270247	13.908070	0.007209	3.1
340	-1.068211	155.269648	13.829215	0.004778	3.0
341	-1.137811	155.179715	13.836274	0.005137	2.8
342	-1.109588	155.091513	13.843205	0.005485	2.8
343	-1.142025	155.001799	13.850261	0.008276	3.0
344	-1.109330	154.932233	13.855738	0.012028	3.4
345	-1.122338	155.932233	13.777427	0.007919	3.1
346	-1.092826	156.932233	13.699996	0.006994	3.0
347	-1.128812	156.842290	13.706925	0.006369	3.3
348	-1.137036	156.767414	13.712698	0.008243	3.3
349	-1.093504	157.767392	13.635993	0.006795	3.4
350	-1.160025	157.677449	13.642857	0.009330	3.8
351	-1.133618	158.677449	13.566927	0.004967	3.8
352	-1.115186	159.677449	13.491838	0.008915	3.0
353	-1.115711	160.579063	13.424846	0.005697	2.8
354	-1.073331	160.489122	13.431499	0.007815	2.7
355	-1.077384	161.485899	13.358133	0.009100	2.8
356	-1.086648	161.395956	13.364720	0.007417	3.8
357	-1.134989	161.306013	13.371314	0.005505	3.4
358	-1.116447	162.000736	13.320552	0.009693	3.2
359	-1.117950	162.998257	13.248337	0.009054	3.2
360	-1.080504	163.998256	13.176724	0.007578	3.3
361	-1.100618	163.908427	13.183125	0.006999	3.2
362	-1.105663	163.818624	13.189531	0.009812	3.1
363	-1.144729	164.818539	13.118556	0.005932	3.5
364	-1.126647	165.818523	13.048336	0.005204	3.1
365	-1.140006	166.818519	12.978863	0.011428	2.9
366	-1.139616	166.728777	12.985068	0.010291	2.9
367	-1.132888	167.728777	12.916265	0.009872	2.9
368	-1.127036	167.638834	12.922423	0.008107	3.7
369	-1.106186	167.548891	12.928588	0.007909	3.5
370	-1.094371	168.476383	12.865302	0.007609	3.1
371	-1.133525	169.476383	12.797759	0.006399	3.3
372	-1.125663	169.386442	12.803805	0.011097	3.2
373	-1.104784	169.296614	12.809849	0.007461	3.0
374	-1.103243	170.296614	12.742886	0.010210	2.8
375	-1.107007	170.206671	12.748880	0.007911	2.8
376	-1.131647	170.130692	12.753948	0.008562	2.8
377	-1.089094	171.129070	12.687673	0.004602	3.3
378	-1.151833	172.012610	12.629594	0.005843	3.2
379	-1.141476	171.966254	12.632628	0.009921	3.2
380	-1.084521	171.876311	12.638519	0.006021	3.6
381	-1.094465	172.876091	12.573344	0.011711	3.4
382	-1.105795	172.786148	12.579180	0.011560	3.0
383	-1.096140	172.696205	12.585021	0.009073	2.8
384	-1.109098	173.695390	12.520435	0.007995	2.8
385	-1.090939	173.605447	12.526221	0.007147	2.7
386	-1.089819	173.515590	12.532008	0.006545	3.0
387	-1.106231	174.515590	12.467911	0.007163	3.3
388	-1.075062	175.351536	12.414830	0.006523	3.1
389	-1.117675	176.351536	12.351923	0.010173	3.1
390	-1.121829	177.351460	12.289654	0.008054	3.4
391	-1.107692	177.306587	12.292435	0.006968	3.4
392	-1.106375	177.216644	12.298013	0.007766	3.1
393	-1.122410	178.216639	12.236282	0.009007	2.9
394	-1.100100	178.126696	12.241808	0.006032	2.9
395	-1.137704	179.123624	12.180825	0.006708	2.9
396	-1.130678	179.532251	12.156004	0.006116	3.4
397	-1.168346	180.238759	12.113327	0.007342	3.4
398	-1.088463	181.197009	12.055920	0.010799	3.0
399	-1.115932	182.173376	11.997984	0.010800	3.6
400	-1.137178	183.173376	11.939220	0.006377	3.1
401	-1.150336	184.173376	11.881029	0.010296	3.0
402	-1.150937	184.085173	11.886139	0.005506	3.4
403	-1.117552	183.995230	11.891354	0.008651	3.3
404	-1.086215	183.905287	11.896574	0.011181	3.1
405	-1.198956	184.905287	11.838797	0.009302	2.9
406	-1.106659	184.815344	11.843971	0.007348	2.9
407	-1.090131	184.725401	11.849149	0.010258	2.9
408	-1.130901	185.716755	11.792324	0.007158	3.3
409	-1.135142	186.709323	11.735972	0.005747	3.5
410	-1.100578	186.637731	11.740019	0.009233	3.0
411	-1.150404	187.596586	11.686054	0.009492	3.2
412	-1.095386	188.596586	11.630299	0.007201	3.4
413	-1.083718	188.506749	11.635286	0.009199	3.1
414	-1.089852	188.416807	11.640283	0.005983	3.0
415	-1.128995	188.327378	11.645256	0.005543	2.8
416	-1.221409	188.237435	11.650262	0.006973	2.8
417	-1.115846	189.237199	11.594860	0.009408	3.0
418	-1.098420	190.237179	11.539971	0.010543	3.4
419	-1.113188	190.147236	11.544887	0.008158	3.0
420	-1.141225	191.147236	11.490467	0.010514	3.3
421	-1.122326	191.057293	11.495341	0.005257	3.4
422	-1.159384	191.543499	11.469045	0.007370	3.1
423	-1.117930	191.564167	11.467930	0.008985	3.1
424	-1.127610	192.466109	11.419475	0.009723	2.9
425	-1.101565	193.466085	11.366230	0.011595	2.9
426	-1.151098	193.376142	11.370999	0.008742	2.9
427	-1.120237	193.286199	11.375772	0.011759	3.2
428	-1.104409	194.283308	11.323084	0.007284	3.3
429	-1.122771	195.283308	11.270731	0.005896	3.1
430	-1.135450	195.247454	11.272599	0.005909	3.1
431	-1.143646	196.247452	11.220711	0.012712	2.8
432	-1.131819	196.161132	11.225171	0.009565	2.8
433	-1.118499	197.161132	11.173718	0.009746	3.1
434	-1.127097	197.071189	11.178326	0.006666	3.6
435	-1.133039	198.071172	11.127301	0.012689	3.4
436	-1.101390	199.071172	11.076739	0.011464	3.1
437	-1.131390	200.071161	11.026634	0.004628	3.0
438	-1.141419	200.001378	11.030116	0.008558	2.9
439	-1.129015	199.921390	11.034110	0.007339	3.0
440	-1.108547	199.832142	11.038569	0.009937	3.5
441	-1.103300	200.832142	10.988808	0.005630	3.2
442	-1.119848	201.828642	10.939666	0.006413	3.0
443	-1.123836	202.634837	10.900229	0.004580	3.5
444	-1.121913	202.547444	10.904490	0.006050	3.0
445	-1.149041	203.387365	10.863673	0.007655	3.0
446	-1.123530	204.387363	10.815473	0.007671	2.8
447	-1.131534	204.754201	10.797898	0.013340	2.8
448	-1.136727	204.664258	10.802202	0.006672	2.8
449	-1.097143	205.664258	10.754545	0.006278	3.3
450	-1.137054	205.574315	10.758814	0.006560	3.4
451	-1.137619	205.484399	10.763085	0.005815	3.1
452	-1.100095	205.420965	10.766101	0.005101	3.6
453	-1.101783	206.119305	10.732997	0.006523	3.2
454	-1.099365	207.119293	10.685948	0.007352	3.0
455	-1.144129	207.039027	10.689709	0.009593	3.1
456	-1.097943	206.949084	10.693927	0.005441	2.9
457	-1.084011	206.859143	10.698148	0.008544	2.8
458	-1.152865	206.769493	10.702359	0.006900	3.0
459	-1.107845	207.769489	10.655577	0.007103	3.7
460	-1.124777	208.769483	10.609202	0.007250	3.3
461	-1.149842	208.679645	10.613352	0.006186	3.2
462	-1.064048	208.589720	10.617509	0.005658	3.4
463	-1.093286	208.499960	10.621661	0.006113	3.2
464	-1.158995	208.439001	10.624484	0.006778	3.1
465	-1.127451	209.437695	10.578438	0.007242	2.8
466	-1.100273	209.353105	10.582323	0.007574	2.8
467	-1.094136	209.263162	10.586456	0.008332	2.8
468	-1.085619	210.263162	10.540680	0.007245	3.6
469	-1.136404	210.173219	10.544781	0.008200	3.4
470	-1.127049	210.083276	10.548885	0.005840	3.4
471	-1.143133	211.083055	10.503442	0.005906	3.6
472	-1.070875	210.993294	10.507506	0.006337	4.0
473	-1.142179	211.177691	10.499161	0.007566	3.4
474	-1.147868	212.174722	10.454267	0.005991	3.1
475	-1.113186	213.174589	10.409630	0.005511	3.1
476	-1.114960	214.043845	10.371133	0.006670	3.4
477	-1.102186	213.953902	10.375103	0.004926	3.6
478	-1.115402	213.944460	10.375520	0.010274	3.3
479	-1.123503	213.854517	10.379493	0.007831	3.7
480	-1.138715	214.854517	10.335485	0.008354	4.0
481	-1.118327	215.854517	10.291849	0.008231	3.4
482	-1.129686	216.854517	10.248579	0.007503	3.0
483	-1.131952	217.854517	10.205672	0.007138	2.8
484	-1.109975	217.764579	10.209516	0.008554	2.9
485	-1.091322	218.759750	10.167140	0.006266	3.2
486	-1.149792	218.874787	10.162264	0.007416	3.4
487	-1.159357	218.784855	10.166075	0.009249	3.0
488	-1.137243	219.784855	10.123855	0.010399	3.7
489	-1.117946	220.784855	10.081983	0.008434	3.3
490	-1.157183	221.784855	10.040457	0.007317	3.1
491	-1.102559	221.694912	10.044178	0.005020	3.3
492	-1.121163	222.667577	10.004084	0.004626	3.6
493	-1.112377	222.592665	10.007160	0.007517	3.1
494	-1.142973	222.565064	10.008294	0.007517	2.9
495	-1.074280	223.565064	9.967372	0.007322	2.9
496	-1.143328	223.475121	9.971039	0.008132	2.8
497	-1.142840	223.385181	9.974708	0.006923	3.2
498	-1.131473	224.270837	9.938690	0.007042	3.4
499	-1.175959	224.180894	9.942336	0.008592	3.1
500	-1.092351	224.090951	9.945985	0.006434	3.2
501	-1.070917	225.090951	9.905569	0.006022	3.2
502	-1.118043	225.277096	9.898082	0.006188	3.0
503	-1.137695	225.187181	9.901697	0.008642	2.8
504	-1.105553	226.186873	9.861652	0.010306	2.9
505	-1.116048	227.186873	9.821917	0.008983	2.8
506	-1.135788	227.096930	9.825478	0.007720	2.8
507	-1.098711	228.096929	9.786033	0.006271	3.3
508	-1.126747	228.572850	9.767372	0.007542	3.3
509	-1.099484	229.450245	9.733154	0.008348	3.0
510	-1.119003	229.953024	9.713654	0.010336	3.8
511	-1.142225	229.863081	9.717137	0.007055	3.2
512	-1.095453	229.914489	9.715146	0.009478	3.0
513	-1.111859	230.913768	9.676608	0.012712	3.4
514	-1.104457	231.913768	9.638348	0.010082	3.2
515	-1.130592	232.913768	9.600389	0.006733	2.9
516	-1.142129	232.823828	9.603791	0.011604	2.9
517	-1.101250	233.823828	9.566103	0.007051	2.8
518	-1.132534	233.733885	9.569480	0.005306	2.8
519	-1.073343	233.643944	9.572860	0.006212	3.4
520	-1.102576	234.612984	9.536569	0.011410	4.2
521	-1.080895	234.523041	9.539926	0.008321	3.4
522	-1.131090	234.433098	9.543285	0.006517	3.4
523	-1.126370	235.410529	9.506906	0.009081	3.3
524	-1.160268	236.410528	9.469974	0.007551	2.9
525	-1.080793	237.410528	9.433327	0.008976	3.8
526	-1.120029	237.320585	9.436611	0.008498	3.1
527	-1.077337	238.320301	9.400232	0.009545	3.0
528	-1.126258	238.230358	9.403493	0.008407	4.8
529	-1.111508	239.226450	9.367499	0.006849	3.2
530	-1.140625	240.226450	9.331639	0.012450	2.8
531	-1.083537	240.136507	9.334853	0.007627	2.7
532	-1.075947	241.136507	9.299242	0.008323	2.7
533	-1.111215	241.046564	9.302434	0.007641	2.9
534	-1.146850	240.956621	9.305628	0.006964	3.3
535	-1.136260	241.411856	9.289485	0.009785	3.2
536	-1.124961	241.321913	9.292670	0.006569	3.0
537	-1.120902	241.231970	9.295857	0.008752	3.3
538	-1.109645	242.229287	9.260637	0.008274	3.3
539	-1.134598	243.229285	9.225589	0.010483	3.0
540	-1.101591	244.229285	9.190806	0.007772	3.0
541	-1.127784	245.153818	9.158880	0.008261	2.8
542	-1.127823	245.063875	9.161976	0.006107	2.9
543	-1.120092	244.973932	9.165074	0.006672	3.1
544	-1.135412	244.894085	9.167827	0.010238	3.5
545	-1.135090	245.894085	9.133477	0.008035	3.2
546	-1.093856	245.804142	9.136556	0.009285	3.2
547	-1.131577	246.804142	9.102439	0.009089	3.5
548	-1.128016	246.714199	9.105497	0.005351	3.3
549	-1.092981	246.624256	9.108557	0.008170	3.1
550	-1.132019	246.993609	9.096004	0.009231	2.9
551	-1.083360	247.993609	9.062189	0.008540	2.9
552	-1.159377	247.903666	9.065220	0.005851	3.0
553	-1.090643	247.813723	9.068253	0.006775	3.6
554	-1.078434	248.811676	9.034712	0.006392	3.3
555	-1.076511	249.811676	9.001351	0.006499	3.3
556	-1.105618	249.846623	9.000189	0.009350	4.1
557	-1.104955	250.846480	8.967086	0.006768	3.2
558	-1.080961	251.846480	8.934221	0.005676	3.1
559	-1.130481	252.164365	8.923825	0.007921	3.5
560	-1.151458	252.074422	8.926764	0.006429	3.3
561	-1.148404	251.984884	8.929692	0.006298	3.0
562	-1.098549	252.983279	8.897152	0.006173	2.9
563	-1.091244	252.893337	8.900074	0.005794	2.9
564	-1.139596	253.893336	8.867697	0.003616	3.0
565	-1.165774	253.804554	8.870562	0.009404	3.2
566	-1.101612	254.804478	8.838402	0.010811	3.4
567	-1.105057	255.804478	8.806472	0.007272	3.0
568	-1.106341	256.804437	8.774773	0.006935	3.6
569	-1.151129	257.803704	8.743323	0.007697	3.2
570	-1.139725	257.713761	8.746145	0.005445	3.1
571	-1.134690	258.179280	8.731561	0.009800	2.9
572	-1.116977	259.179259	8.700397	0.008967	2.9
573	-1.148029	260.178776	8.669470	0.007613	2.9
574	-1.166509	260.088833	8.672244	0.006974	3.3
575	-1.112559	261.083626	8.641660	0.009264	3.3
576	-1.153256	262.080068	8.611242	0.008675	3.2
577	-1.129159	261.990479	8.613968	0.007740	3.6
578	-1.169532	262.990478	8.583636	0.011054	3.4
579	-1.159662	263.990478	8.553517	0.008757	3.1
580	-1.141769	264.990478	8.523609	0.006647	2.9
581	-1.094256	265.990478	8.493909	0.005561	2.9
582	-1.132709	266.113180	8.490279	0.008182	2.8
583	-1.120513	266.023237	8.492939	0.008283	3.0
584	-1.183079	265.933294	8.495601	0.011208	3.3
585	-1.104366	265.848127	8.498124	0.006402	3.1
586	-1.102191	266.845107	8.468690	0.008111	3.0
587	-1.100360	267.844042	8.439402	0.004761	2.8
588	-1.091480	267.754114	8.442030	0.007674	2.8
589	-1.089156	267.718318	8.443077	0.008071	3.0
590	-1.109565	267.628375	8.445708	0.005866	3.3
591	-1.107312	267.538437	8.448340	0.007457	3.3
592	-1.077708	268.029336	8.433991	0.008595	2.9
593	-1.114127	267.940443	8.436586	0.004410	2.9
594	-1.083057	267.913054	8.437386	0.005878	2.9
595	-1.078612	267.823112	8.440013	0.009166	2.8
596	-1.101764	268.823112	8.410892	0.010231	3.2
597	-1.115261	269.823112	8.381971	0.007020	3.0
598	-1.115518	269.733198	8.384563	0.008262	2.9
599	-1.077199	270.733195	8.355823	0.008072	3.3
600	-1.138084	270.643252	8.358400	0.008847	3.2
601	-1.105616	271.639987	8.329931	0.008726	2.9
602	-1.125041	271.550044	8.332492	0.006214	2.9
603	-1.105533	272.550043	8.304107	0.011240	2.9
604	-1.146311	273.550043	8.275914	0.008685	2.9
605	-1.138578	273.460100	8.278442	0.009163	2.9
606	-1.121890	273.370157	8.280972	0.005084	3.3
607	-1.096719	274.370039	8.252939	0.008693	3.2
608	-1.129164	274.326594	8.254153	0.009938	3.0
609	-1.105882	274.236651	8.256668	0.007374	3.5
610	-1.108166	274.499020	8.249337	0.006800	3.1
611	-1.167407	274.409077	8.251848	0.005363	3.0
612	-1.091306	274.319634	8.254347	0.011691	3.3
613	-1.169973	274.229916	8.256856	0.009186	2.9
614	-1.144494	274.987185	8.235731	0.006432	2.9
615	-1.099841	274.897242	8.238235	0.007688	3.0
616	-1.131737	275.897242	8.210487	0.007220	3.7
617	-1.201374	275.807299	8.212975	0.004867	3.2
618	-1.130221	275.726116	8.215222	0.005654	3.6
619	-1.132824	275.636173	8.217713	0.009129	3.3
620	-1.152537	275.826220	8.212451	0.010576	3.2
621	-1.125713	275.736277	8.214941	0.009254	3.0
622	-1.109384	275.651539	8.217287	0.007609	2.9
623	-1.132292	276.651520	8.189681	0.011085	2.8
624	-1.147983	277.651520	8.162258	0.009193	2.8
625	-1.133199	278.651514	8.135019	0.011059	3.3
626	-1.104594	278.561571	8.137462	0.007058	2.9
627	-1.160391	279.561298	8.110395	0.007664	3.3
628	-1.145075	279.540677	8.110952	0.012205	3.2
629	-1.138596	280.540677	8.084053	0.007892	3.2
630	-1.138634	280.450734	8.086465	0.006028	3.5
631	-1.139249	280.361687	8.088855	0.007912	3.7
632	-1.121703	280.271744	8.091270	0.008021	2.9
633	-1.105047	280.181802	8.093686	0.006758	2.9
634	-1.120162	280.109135	8.095639	0.007685	2.8
635	-1.159023	281.108831	8.068850	0.009116	2.7
636	-1.143263	281.018888	8.071253	0.011107	2.8
637	-1.118428	282.018888	8.044617	0.006737	3.1
638	-1.088913	283.018888	8.018156	0.008145	3.5
639	-1.109688	284.018888	7.991869	0.006797	3.0
640	-1.129683	283.928945	7.994226	0.010397	3.5
641	-1.130507	283.839002	7.996585	0.004798	4.1
642	-1.127621	283.749071	7.998944	0.008404	2.9
643	-1.139112	283.663249	8.001198	0.008436	3.4
644	-1.134187	283.573308	8.003560	0.008794	3.2
645	-1.155659	284.573308	7.977369	0.007301	3.1
646	-1.149309	284.483375	7.979717	0.010849	3.3
647	-1.119186	284.393469	7.982066	0.005583	3.1
648	-1.137728	284.303526	7.984418	0.007213	2.8
649	-1.125948	284.213583	7.986771	0.006229	3.0
650	-1.111372	284.123640	7.989125	0.007277	3.4
651	-1.144566	284.043133	7.991233	0.006120	3.4
652	-1.132755	283.953589	7.993580	0.011693	3.6
653	-1.158290	283.864098	7.995926	0.011106	3.7
654	-1.119420	284.864098	7.969784	0.006441	3.4
655	-1.142903	284.774155	7.972129	0.007735	3.6
656	-1.103041	285.773693	7.946154	0.008593	3.4
657	-1.063940	286.773693	7.920335	0.008453	3.3
658	-1.105955	286.683750	7.922651	0.008446	2.8
659	-1.148212	286.593807	7.924967	0.007394	2.9
660	-1.107764	286.503869	7.927285	0.007852	2.9
661	-1.136296	287.456379	7.902806	0.008565	3.5
662	-1.147506	287.366436	7.905111	0.005918	3.5
663	-1.133139	287.276493	7.907417	0.008562	3.1
664	-1.158132	287.186570	7.909725	0.007583	3.6
665	-1.151525	287.096627	7.912034	0.007168	3.3
666	-1.141168	288.096627	7.886436	0.007550	3.1
667	-1.136421	289.096626	7.861004	0.004776	3.4
668	-1.122182	289.006708	7.863284	0.010844	3.4
669	-1.116152	290.006708	7.838001	0.007091	3.3
670	-1.089118	289.916765	7.840268	0.007235	3.0
671	-1.142847	289.826944	7.842534	0.008914	2.9
672	-1.105713	290.826017	7.817407	0.007223	2.8
673	-1.094421	290.767980	7.818862	0.007830	3.2
674	-1.113331	290.678037	7.821119	0.009260	3.0
675	-1.109798	290.588094	7.823376	0.005988	3.3
676	-1.087765	291.588094	7.798348	0.007720	3.7
677	-1.125438	291.498151	7.800593	0.005463	3.6
678	-1.083338	292.380388	7.778633	0.006810	3.1
679	-1.115749	292.290452	7.780866	0.005215	3.6
680	-1.113885	292.200509	7.783100	0.005553	3.4
681	-1.127385	292.110568	7.785336	0.007751	3.5
682	-1.101671	293.006644	7.763119	0.005571	3.3
683	-1.096112	292.916706	7.765343	0.005516	3.2
684	-1.159248	292.829718	7.767495	0.007761	3.1
685	-1.145191	293.828483	7.742854	0.010142	3.3
686	-1.080486	293.738540	7.745066	0.005572	3.2
687	-1.118196	293.648598	7.747280	0.007424	3.0
688	-1.125570	294.647789	7.722756	0.008365	3.5
689	-1.148316	294.557847	7.724957	0.004623	2.9
690	-1.100675	294.497883	7.726425	0.005746	2.7
691	-1.106510	294.408666	7.728611	0.007616	3.1
692	-1.128162	295.408532	7.704188	0.010611	3.2
693	-1.116904	296.408532	7.679916	0.008850	2.8
694	-1.125905	297.166657	7.661616	0.007816	3.1
695	-1.066061	298.166657	7.637611	0.008497	3.3
696	-1.105478	299.166250	7.613766	0.007100	2.9
697	-1.132862	300.165845	7.590069	0.007857	2.9
698	-1.152627	300.203910	7.589169	0.008681	2.9
699	-1.117297	301.203910	7.565615	0.008866	3.2
700	-1.081367	302.203910	7.542207	0.005539	3.3
701	-1.116493	303.203910	7.518943	0.007450	3.4
702	-1.122892	304.203910	7.495823	0.008516	3.2
703	-1.139732	304.114112	7.497893	0.007561	3.3
704	-1.107795	304.024169	7.499968	0.008970	2.9
705	-1.093107	305.024148	7.476964	0.007894	2.9
706	-1.115766	306.023806	7.454108	0.007058	2.9
707	-1.132616	307.023806	7.431384	0.009930	4.0
708	-1.145185	308.023806	7.408798	0.006655	3.7
709	-1.146798	307.933906	7.410823	0.004906	3.5
710	-1.127096	307.849817	7.412718	0.010015	3.4
711	-1.150478	308.849813	7.390245	0.011633	3.4
712	-1.153946	309.849813	7.367908	0.009746	3.9
713	-1.138159	309.759870	7.369911	0.005784	3.8
714	-1.130560	310.607029	7.351083	0.008203	3.2
715	-1.095133	311.600280	7.329131	0.008692	3.4
716	-1.115715	311.515523	7.330999	0.010334	3.2
717	-1.147153	311.570738	7.329782	0.009429	2.9
718	-1.132556	311.652801	7.327973	0.007840	3.2
719	-1.159201	311.562858	7.329955	0.006852	3.4
720	-1.111693	311.472916	7.331938	0.005153	3.2
721	-1.133023	311.382973	7.333922	0.005828	3.4
722	-1.113117	311.295591	7.335851	0.006637	3.4
723	-1.138600	312.293737	7.313881	0.007761	3.3
724	-1.088702	312.732066	7.304275	0.005643	3.6
725	-1.126246	313.732046	7.282454	0.008009	3.3
726	-1.146373	313.643479	7.284382	0.005991	3.0
727	-1.118662	314.625992	7.263058	0.008156	3.3
728	-1.111500	315.625992	7.241481	0.006869	3.2
729	-1.125140	315.536049	7.243417	0.010456	3.5
730	-1.109320	316.536049	7.221957	0.006087	3.2
731	-1.131651	317.536048	7.200624	0.010166	2.9
732	-1.099571	318.536048	7.179417	0.007498	2.9
733	-1.103942	319.536032	7.158335	0.008211	3.0
734	-1.171876	319.466913	7.159788	0.006389	3.5
735	-1.135599	319.376970	7.161680	0.007937	3.3
736	-1.084549	319.287185	7.163569	0.007261	3.5
737	-1.135864	319.197245	7.165463	0.009962	3.5
738	-1.084033	320.197245	7.144462	0.007009	3.6
739	-1.137486	321.197245	7.123584	0.005971	3.9
740	-1.143491	321.107302	7.125457	0.007140	3.3
741	-1.119384	321.044460	7.126766	0.009610	3.3
742	-1.071269	322.044459	7.105991	0.011389	3.4
743	-1.107002	321.954516	7.107855	0.007293	3.3
744	-1.107793	322.903460	7.088242	0.006574	3.4
745	-1.111442	322.827669	7.089804	0.007856	4.0
746	-1.119984	323.810351	7.069599	0.004710	3.2
747	-1.111482	324.805636	7.049251	0.007169	3.0
748	-1.138977	325.805629	7.028925	0.006326	2.9
749	-1.102468	325.715686	7.030749	0.006333	2.9
750	-1.135384	325.625783	7.032572	0.006331	3.0
751	-1.112583	325.536837	7.034377	0.007994	3.5
752	-1.115958	325.447451	7.036192	0.006365	3.3
753	-1.119869	325.357508	7.038019	0.005678	3.1
754	-1.129954	326.271765	7.019491	0.007475	3.6
755	-1.087096	326.184134	7.021262	0.007359	3.2
756	-1.105073	327.184126	7.001097	0.005898	3.0
757	-1.138159	327.763380	6.989469	0.010903	2.9
758	-1.093899	327.673437	6.991272	0.006617	2.9
759	-1.120956	327.583522	6.993075	0.007957	2.9
760	-1.144056	328.583522	6.973071	0.008561	3.6
761	-1.126649	328.843524	6.967889	0.010200	3.8
762	-1.157476	329.843524	6.948029	0.005657	3.5
763	-1.128865	329.753581	6.949810	0.004630	3.5
764	-1.127799	329.663638	6.951593	0.008065	3.3
765	-1.111483	330.663580	6.931826	0.006475	3.0
766	-1.135230	330.573637	6.933600	0.006393	2.9
767	-1.163092	330.485626	6.935336	0.008561	2.9
768	-1.094901	330.395683	6.937111	0.006918	3.1
769	-1.124018	330.307257	6.938857	0.007529	3.7
770	-1.098824	330.217334	6.940634	0.009749	3.4
771	-1.100290	331.147700	6.922297	0.007545	3.2
772	-1.106776	332.147700	6.902695	0.004972	3.6
773	-1.120119	332.319896	6.899331	0.006395	3.7
774	-1.139046	332.311612	6.899493	0.008517	3.5
775	-1.141160	333.200411	6.882180	0.009389	3.1
776	-1.118801	333.995717	6.866761	0.005209	3.2
777	-1.114720	334.980923	6.847757	0.008639	3.3
778	-1.151107	334.891631	6.849475	0.006378	3.6
779	-1.152239	335.891630	6.830283	0.007018	3.1
780	-1.141453	335.801687	6.832005	0.005197	3.4
781	-1.112166	335.711744	6.833728	0.008891	3.5
782	-1.118213	335.622029	6.835447	0.006023	3.1
783	-1.092205	336.622021	6.816333	0.007533	2.9
784	-1.129638	336.534253	6.818007	0.008379	2.8
785	-1.160648	337.534253	6.798990	0.006357	2.8
786	-1.144212	338.534189	6.780081	0.009071	2.9
787	-1.103053	338.444246	6.781777	0.008723	3.1
788	-1.153306	339.444241	6.762962	0.009093	2.8
789	-1.133990	339.354300	6.764650	0.007271	2.9
790	-1.109180	340.354297	6.745930	0.005236	3.3
791	-1.129659	340.266673	6.747566	0.006882	3.9
792	-1.146519	340.176730	6.749247	0.007744	3.7
793	-1.091763	340.086795	6.750928	0.004858	3.4
794	-1.109270	339.996867	6.752610	0.004746	3.3
795	-1.154587	339.940813	6.753658	0.005803	3.1
796	-1.117594	340.248491	6.747906	0.005289	2.9
797	-1.123157	341.247878	6.729290	0.010221	2.9
798	-1.119986	342.245715	6.710804	0.006890	2.9
799	-1.172471	342.156034	6.712461	0.007968	3.7
800	-1.123955	342.075638	6.713948	0.006240	4.6
801	-1.127785	343.074769	6.695523	0.006584	3.4
802	-1.128469	344.071538	6.677242	0.006384	3.6
803	-1.171853	343.981597	6.678887	0.008073	3.3
804	-1.123614	343.891654	6.680533	0.007044	3.1
805	-1.128047	343.892633	6.680515	0.006894	3.2
806	-1.135592	343.802712	6.682162	0.008284	3.1
807	-1.102236	344.802712	6.663895	0.006514	3.4
808	-1.090004	344.712769	6.665534	0.008099	3.6
809	-1.116175	344.951700	6.661182	0.006650	3.1
810	-1.115515	344.878103	6.662522	0.010972	3.3
811	-1.163294	344.788160	6.664160	0.007181	3.1
812	-1.089917	344.698217	6.665799	0.004914	3.0
813	-1.085579	344.608274	6.667439	0.012205	3.2
814	-1.166564	345.608274	6.649252	0.008672	3.5
815	-1.099861	345.518331	6.650884	0.006255	3.3
816	-1.093401	345.445782	6.652201	0.005956	3.5
817	-1.084872	345.357174	6.653810	0.007364	3.7
818	-1.124094	345.267231	6.655444	0.009727	3.2
819	-1.172160	345.228469	6.656148	0.005092	3.2
820	-1.127225	345.138528	6.657783	0.011687	3.1
821	-1.107632	346.049593	6.641258	0.007812	3.0
822	-1.110419	347.049593	6.623213	0.005337	3.8
823	-1.125684	346.961845	6.624793	0.005544	3.4
824	-1.108380	347.952311	6.607008	0.005619	2.9
825	-1.126544	347.862368	6.608619	0.007695	3.4
826	-1.107331	347.772469	6.610230	0.008664	3.1
827	-1.153186	347.682527	6.611843	0.008513	2.8
828	-1.119499	348.682527	6.593958	0.006914	3.2
829	-1.136406	348.592584	6.595562	0.009476	4.0
830	-1.102517	348.503545	6.597152	0.008324	3.8
831	-1.120749	349.502340	6.579367	0.007907	3.1
832	-1.089145	349.560917	6.578327	0.004619	2.9
833	-1.159607	349.540693	6.578686	0.009700	2.9
834	-1.118592	350.540616	6.560981	0.005108	3.2
835	-1.166331	350.489650	6.561881	0.009127	3.5
836	-1.115678	350.471086	6.562209	0.010182	3.5
837	-1.170410	351.471060	6.544591	0.007947	3.8
838	-1.123271	352.471060	6.527068	0.006924	3.4
839	-1.131519	352.383672	6.528595	0.007747	3.5
840	-1.130399	352.323869	6.529641	0.007200	3.0
841	-1.126307	352.233930	6.531215	0.006529	2.9
842	-1.132796	353.233930	6.513762	0.008019	2.9
843	-1.112904	353.143989	6.515328	0.009386	3.5
844	-1.089939	353.125516	6.515650	0.007445	3.4
845	-1.114719	354.125497	6.498281	0.006736	3.0
846	-1.132085	354.035554	6.499839	0.005542	3.4
847	-1.098999	353.945769	6.501396	0.008490	3.3
848	-1.142029	354.945687	6.484104	0.006990	3.2
849	-1.151035	354.855744	6.485656	0.005128	3.6
850	-1.133367	355.854358	6.468469	0.009655	3.3
851	-1.142409	356.824372	6.451862	0.006525	3.3
852	-1.095792	356.734429	6.453399	0.008496	3.8
853	-1.093584	357.734428	6.436359	0.007118	3.4
854	-1.117860	357.644485	6.437888	0.005105	3.4
855	-1.065813	357.672873	6.437406	0.006216	3.5
856	-1.141027	357.582936	6.438935	0.008116	3.4
857	-1.135158	358.420028	6.424729	0.008933	3.1
858	-1.121474	359.420028	6.407841	0.009152	2.9
859	-1.137792	360.419610	6.391048	0.005788	3.2
860	-1.147113	360.329667	6.392555	0.007956	3.3
861	-1.114644	360.239725	6.394063	0.008710	3.7
862	-1.161696	360.149782	6.395572	0.007763	3.0
863	-1.126713	360.059841	6.397082	0.008280	3.2
864	-1.103832	361.059841	6.380338	0.007471	3.5
865	-1.111631	360.969910	6.381840	0.005896	3.3
866	-1.136367	360.879976	6.383343	0.009750	3.7
867	-1.116643	361.488381	6.373189	0.005373	3.9
868	-1.076902	362.488381	6.356570	0.009866	3.4
869	-1.115984	363.294899	6.343230	0.006882	3.4
870	-1.169530	364.294667	6.326770	0.008763	3.2
871	-1.143049	364.204724	6.328248	0.007593	3.0
872	-1.153513	364.114781	6.329726	0.007329	3.4
873	-1.137956	365.114781	6.313332	0.011697	3.9
874	-1.138118	365.024838	6.314803	0.005650	3.2
875	-1.105908	364.934895	6.316275	0.009469	3.7
876	-1.135820	365.934890	6.299951	0.007290	3.4
877	-1.108207	365.900944	6.300504	0.007030	3.0
878	-1.168039	365.811001	6.301969	0.011528	2.9
879	-1.097825	366.811001	6.285719	0.006656	2.9
880	-1.093527	366.721076	6.287177	0.007889	2.9
881	-1.126184	366.631137	6.288635	0.006163	3.5
882	-1.129184	366.541195	6.290095	0.005452	3.9
883	-1.157033	367.540439	6.273918	0.009375	3.5
884	-1.132134	367.450496	6.275371	0.009191	3.2
885	-1.141159	367.360553	6.276824	0.005091	3.1
886	-1.165132	367.270610	6.278278	0.013304	3.1
887	-1.103737	367.180667	6.279733	0.007706	3.5
888	-1.098000	368.180611	6.263598	0.007158	3.1
889	-1.123943	369.180611	6.247545	0.007044	3.1
890	-1.138529	369.091155	6.248978	0.006520	3.5
891	-1.165146	369.001376	6.250416	0.010972	3.2
892	-1.145047	369.994362	6.234542	0.006577	3.0
893	-1.139680	370.994361	6.218638	0.010800	3.6
894	-1.137678	370.904419	6.220065	0.008225	3.6
895	-1.112598	371.904341	6.204235	0.011068	3.1
896	-1.133516	372.904341	6.188484	0.007595	3.2
897	-1.103470	372.814398	6.189898	0.010477	3.1
898	-1.127350	373.814397	6.174220	0.006935	2.9
899	-1.100330	374.814397	6.158621	0.004876	3.8
900	-1.154292	375.813262	6.143118	0.008639	4.1
901	-1.116134	376.802521	6.127842	0.006127	3.4
902	-1.087070	377.802521	6.112476	0.006262	3.5
903	-1.115612	377.712578	6.113855	0.007147	3.7
904	-1.104481	378.655139	6.099436	0.007476	3.6
905	-1.137268	378.705271	6.098671	0.006636	3.6
906	-1.097975	379.683367	6.083784	0.006730	3.1
907	-1.182567	379.593424	6.085150	0.007162	3.0
908	-1.136549	380.593188	6.070001	0.008752	2.9
909	-1.183687	381.593188	6.054923	0.008632	3.0
910	-1.144848	381.503378	6.056274	0.007784	3.2
911	-1.125939	381.413435	6.057628	0.008808	4.5
912	-1.132279	382.413435	6.042612	0.007933	3.7
913	-1.116016	382.323492	6.043960	0.009871	3.1
914	-1.133077	383.323492	6.029011	0.008708	3.2
915	-1.134680	384.255807	6.015141	0.006397	3.2
916	-1.096597	385.255807	6.000335	0.007390	3.7
917	-1.098816	386.255807	5.985601	0.005694	3.8
918	-1.147524	387.185526	5.971968	0.007122	3.4
919	-1.144966	387.517652	5.967113	0.007852	3.1
920	-1.174018	387.954507	5.960739	0.011579	3.2
921	-1.124564	387.864564	5.962050	0.006801	3.2
922	-1.109850	387.774626	5.963362	0.005560	3.3
923	-1.095688	388.774626	5.948809	0.006166	3.2
924	-1.085301	388.684712	5.950114	0.005768	3.4
925	-1.096822	389.684557	5.935628	0.008181	3.9
926	-1.142356	390.090349	5.929769	0.008399	3.3
927	-1.133862	391.090349	5.915380	0.006101	2.9
928	-1.148157	391.021122	5.916374	0.007028	2.9
929	-1.099562	390.931179	5.917665	0.006510	3.2
930	-1.110681	390.841614	5.918952	0.009287	3.2
931	-1.130959	390.978689	5.916983	0.005962	3.5
932	-1.113335	390.888746	5.918275	0.008734	3.7
933	-1.110683	391.507394	5.909399	0.013278	3.5
934	-1.094990	392.507214	5.895111	0.008105	3.8
935	-1.106423	392.417280	5.896393	0.007790	3.3
936	-1.139503	392.327337	5.897676	0.006204	3.1
937	-1.132670	392.237395	5.898960	0.009120	2.9
938	-1.098285	393.237395	5.884720	0.004893	2.9
939	-1.169552	393.200448	5.885244	0.008576	3.3
940	-1.117823	394.199544	5.871083	0.007422	3.3
941	-1.124271	394.109601	5.872355	0.006610	3.8
942	-1.143977	394.141078	5.871910	0.006752	3.5
943	-1.123324	394.051976	5.873170	0.007756	3.3
944	-1.129230	395.051925	5.859054	0.011357	3.2
945	-1.130557	394.962027	5.860321	0.005860	3.0
946	-1.136990	394.872084	5.861588	0.004628	2.9
947	-1.132849	394.886679	5.861382	0.006281	2.9
948	-1.163322	395.132311	5.857923	0.008740	3.0
949	-1.120789	395.089561	5.858524	0.005894	3.4
950	-1.102745	394.999624	5.859791	0.010018	3.7
951	-1.108655	395.999624	5.845739	0.005533	3.5
952	-1.158282	396.999624	5.831754	0.006809	3.4
953	-1.150247	396.914590	5.832940	0.007714	3.3
954	-1.146646	397.004306	5.831688	0.008333	3.4
955	-1.121529	396.914363	5.832944	0.008580	3.2
956	-1.118267	397.914363	5.819020	0.008841	2.9
957	-1.152061	398.914363	5.805162	0.004698	2.9
958	-1.141019	398.863782	5.805861	0.006981	2.9
959	-1.066091	398.782691	5.806983	0.008313	2.9
960	-1.129661	398.692748	5.808227	0.006286	2.9
961	-1.154482	399.684057	5.794541	0.007633	3.7
962	-1.135286	399.594114	5.795780	0.012791	3.9
963	-1.061538	400.594114	5.782033	0.005532	3.1
964	-1.111886	401.594114	5.768350	0.010102	3.0
965	-1.152423	401.504171	5.769578	0.010720	2.9
966	-1.154790	402.504161	5.755955	0.006485	2.9
967	-1.118450	402.493299	5.756103	0.008386	3.5
968	-1.136537	403.493299	5.742543	0.004647	3.5
969	-1.137454	403.409858	5.743672	0.007304	3.0
970	-1.119865	403.414374	5.743611	0.005632	3.6
971	-1.114322	404.323010	5.731340	0.009393	3.3
972	-1.164727	405.323010	5.717897	0.008816	3.2
973	-1.151631	405.233268	5.719100	0.007737	3.4
974	-1.072538	406.233268	5.705714	0.011380	3.2
975	-1.086621	406.143325	5.706916	0.009012	3.1
976	-1.109651	407.143325	5.693586	0.006144	3.0
977	-1.079155	407.053491	5.694781	0.007696	2.9
978	-1.123270	406.963548	5.695978	0.008116	2.9
979	-1.144552	407.963548	5.682699	0.006267	3.4
980	-1.123696	407.873605	5.683891	0.006664	3.4
981	-1.148746	408.873605	5.670669	0.008067	3.1
982	-1.120547	408.784734	5.671841	0.008253	3.3
983	-1.120356	408.696593	5.673005	0.007521	2.9
984	-1.143758	409.264068	5.665523	0.007755	2.9
985	-1.145406	410.259017	5.652452	0.007677	2.9
986	-1.124914	410.169080	5.653631	0.006929	2.9
987	-1.135363	411.169080	5.640549	0.007092	2.9
988	-1.134613	412.168351	5.627537	0.007950	3.2
989	-1.174628	413.167993	5.614580	0.009208	3.4
990	-1.082625	413.078050	5.615743	0.007730	3.4
991	-1.161333	414.078050	5.602836	0.004691	3.5
992	-1.125318	415.078046	5.589988	0.006941	3.3
993	-1.132892	415.162824	5.588901	0.006969	3.2
994	-1.116669	416.162784	5.576117	0.007437	3.1
995	-1.113230	416.072841	5.577265	0.006762	3.0
996	-1.109078	415.982898	5.578413	0.005657	2.9
997	-1.111647	415.893333	5.579556	0.008159	2.9
998	-1.107191	415.803390	5.580705	0.004906	3.3
999	-1.102379	415.718764	5.581786	0.007629	3.3
