1:ItNr	2:Metric	3a:Time	3b:StepSize	4:||Gradient||	Time[ms]
0	-0.879739	0.000000	65.589634	0.023516	56.3
1	-0.894064	0.000000	65.589634	0.022765	3.7
2	-0.899638	0.000000	65.589634	0.017295	4.6
3	-0.989571	0.000000	65.589634	0.015180	4.0
4	-0.964011	0.000000	65.589634	0.009769	3.9
5	-0.982932	0.000000	65.589634	0.009148	3.6
6	-0.971994	0.000000	65.589634	0.005284	3.4
7	-1.008374	0.000000	65.589634	0.005790	4.6
8	-0.977815	0.000000	65.589634	0.005804	4.2
9	-0.972657	0.000000	65.589634	0.004104	4.2
10	-0.938391	0.000000	65.589634	0.005003	4.4
11	-0.999491	0.000000	65.589634	0.003201	4.3
12	-1.005480	0.000000	65.589634	0.003810	3.7
13	-0.967287	0.000000	65.589634	0.002807	4.2
14	-0.964691	0.000000	65.589634	0.006237	3.9
15	-0.985329	0.000000	65.589634	0.005314	4.7
16	-1.001737	1.000000	62.608287	0.003712	4.3
17	-1.006278	0.964486	62.709518	0.002876	3.5
18	-1.013974	0.929527	62.809486	0.003258	3.6
19	-1.006508	0.894013	62.911367	0.005016	4.8
20	-0.992217	0.858502	63.013574	0.004570	4.1
21	-1.023442	1.858490	60.256925	0.003645	4.0
22	-0.991397	2.128783	59.552737	0.003257	4.1
23	-0.985043	2.997373	57.397212	0.003733	4.6
24	-0.966766	2.964021	57.477094	0.002588	4.4
25	-0.971173	3.247631	56.804819	0.004259	4.2
26	-1.020138	3.288169	56.710009	0.003024	4.7
27	-1.019349	3.252660	56.793040	0.002435	4.5
28	-0.996697	3.220727	56.867916	0.002400	4.5
29	-1.001530	3.185324	56.951162	0.004386	4.4
30	-0.975186	3.149830	57.034865	0.009574	4.8
31	-1.022799	4.149830	54.767062	0.007387	4.3
32	-0.997143	5.105289	52.762576	0.004244	4.5
33	-1.013638	6.105289	50.815997	0.003254	4.6
34	-0.977559	6.069871	50.882484	0.002730	5.1
35	-0.962543	6.222060	50.598019	0.004066	5.2
36	-0.988636	6.186592	50.664030	0.005221	4.2
37	-1.004441	7.070928	49.067929	0.004300	4.4
38	-1.023708	8.070924	47.380065	0.005264	3.7
39	-1.003219	8.037272	47.434977	0.005016	4.3
40	-0.970795	8.001757	47.493064	0.005152	4.2
41	-0.980562	9.000016	45.912719	0.002935	4.7
42	-0.997610	8.964502	45.967135	0.006037	5.0
43	-1.016968	9.960811	44.487927	0.004240	4.2
44	-0.984828	10.960810	43.095976	0.003922	3.9
45	-0.957633	10.925297	43.143916	0.002312	4.1
46	-1.060442	10.892354	43.188480	0.005028	4.4
47	-1.025310	10.863069	43.228174	0.003517	4.7
48	-1.000782	11.852417	41.926362	0.004004	3.9
49	-1.012297	11.816907	41.971728	0.004707	3.7
50	-0.998310	11.781393	42.017199	0.004449	3.8
51	-1.000607	12.746051	40.816103	0.003484	4.4
52	-1.020542	12.710540	40.859100	0.003047	4.8
53	-0.976835	12.675523	40.901586	0.004903	4.7
54	-0.989984	13.626791	39.777936	0.007185	3.6
55	-1.037879	14.530264	38.766453	0.006926	4.1
56	-1.010999	14.494749	38.805241	0.004926	4.8
57	-0.964609	15.493101	37.743635	0.003353	4.7
58	-0.988491	15.465107	37.772611	0.003106	4.0
59	-1.016312	15.441956	37.796608	0.003061	3.8
60	-0.954074	15.406730	37.833178	0.003834	4.2
61	-1.006962	15.371386	37.869943	0.003127	4.2
62	-1.043494	15.335900	37.906927	0.004148	4.3
63	-1.009705	15.300386	37.944013	0.003714	4.1
64	-1.022134	15.265354	37.980667	0.006530	4.2
65	-1.002323	15.229839	38.017897	0.004896	3.8
66	-0.991629	15.953348	37.273546	0.005364	4.1
67	-0.987740	16.850838	36.389744	0.003760	5.2
68	-1.033079	16.820942	36.418508	0.005159	4.7
69	-1.017609	16.785428	36.452738	0.003900	4.0
70	-0.998435	16.750324	36.486635	0.002785	4.3
71	-0.983623	16.714810	36.520993	0.003985	4.6
72	-0.999853	16.682157	36.552639	0.004119	5.6
73	-0.986257	16.646660	36.587105	0.004081	5.2
74	-1.013216	16.611146	36.621652	0.005537	4.9
75	-1.005035	16.575631	36.656265	0.004206	5.1
76	-1.027175	17.422945	35.847910	0.005842	4.2
77	-0.979416	17.387431	35.881075	0.006014	4.9
78	-1.008591	18.387236	34.970271	0.004670	4.3
79	-1.025576	18.358111	34.996149	0.003214	4.5
80	-0.966274	19.259284	34.212787	0.003418	5.8
81	-0.958236	19.223777	34.242988	0.004387	4.3
82	-1.020098	19.297801	34.180086	0.002751	5.8
83	-1.018888	19.262301	34.210223	0.002784	6.6
84	-1.022870	19.226809	34.240407	0.003999	4.2
85	-0.986897	19.191295	34.270663	0.004324	4.4
86	-1.020628	19.155780	34.300972	0.002292	3.5
87	-1.004148	19.120460	34.331169	0.005570	4.7
88	-0.995984	19.085157	34.361404	0.002970	5.4
89	-1.029849	19.049643	34.391875	0.005228	5.3
90	-0.995633	19.014129	34.422399	0.003358	4.4
91	-1.003613	18.978614	34.452978	0.004428	5.0
92	-1.022779	18.943100	34.483611	0.005098	5.5
93	-1.001492	18.907586	34.514298	0.005221	5.8
94	-1.032233	18.872071	34.545040	0.004827	4.3
95	-0.988907	18.836557	34.575837	0.006617	5.2
96	-0.999163	18.801043	34.606689	0.005007	3.9
97	-0.983374	18.765529	34.637596	0.006535	4.0
98	-1.002829	19.765529	33.787917	0.005260	3.4
99	-0.970109	20.765529	32.978927	0.005066	5.2
100	-1.011427	20.745253	32.994945	0.004503	5.4
101	-1.024854	20.709738	33.023039	0.004563	4.5
102	-0.975906	20.674224	33.051181	0.004069	3.8
103	-1.027227	20.638710	33.079371	0.004698	3.4
104	-1.019681	20.603195	33.107609	0.004312	3.3
105	-1.074027	20.567681	33.135895	0.006400	4.1
106	-1.008602	20.532167	33.164229	0.006283	4.0
107	-0.992098	20.497885	33.191627	0.004932	3.9
108	-1.023985	20.462371	33.220057	0.006021	4.0
109	-0.997823	20.426862	33.248531	0.004075	4.0
110	-0.966616	20.391347	33.277059	0.003854	3.3
111	-1.024823	20.355833	33.305636	0.004490	4.4
112	-0.998776	20.320319	33.334261	0.004641	4.1
113	-0.984109	20.284805	33.362936	0.005305	3.6
114	-0.971825	20.249290	33.391661	0.005239	3.7
115	-0.980047	20.213776	33.420435	0.005914	4.7
116	-0.972952	20.178261	33.449258	0.005153	3.6
117	-1.028970	20.142796	33.478092	0.004458	3.9
118	-1.041256	20.107290	33.507008	0.005924	4.2
119	-1.022983	20.259476	33.383418	0.004776	4.4
120	-1.039605	20.223963	33.412176	0.004800	5.1
121	-0.996387	20.188448	33.440986	0.006096	4.5
122	-0.995447	20.152934	33.469845	0.005659	5.2
123	-1.000950	20.117420	33.498754	0.005363	5.9
124	-1.055518	20.081905	33.527713	0.005061	5.4
125	-1.017321	20.046391	33.556722	0.007197	4.5
126	-0.994543	21.045601	32.759249	0.004411	3.6
127	-1.020717	22.045553	31.998249	0.007197	4.0
128	-1.021440	22.010038	32.024670	0.004378	4.3
129	-1.011059	23.010038	31.297003	0.005621	4.8
130	-1.044774	22.974524	31.322279	0.003456	5.3
131	-1.020562	22.939010	31.347595	0.004273	4.4
132	-1.009343	22.903501	31.372949	0.005218	4.7
133	-1.031902	22.868192	31.398201	0.004534	4.3
134	-0.998917	22.832678	31.423640	0.006375	4.8
135	-1.043835	22.930373	31.353759	0.004620	4.5
136	-0.998457	22.896915	31.377656	0.006129	4.2
137	-1.018181	23.307300	31.087029	0.004617	4.2
138	-1.032940	24.307279	30.400906	0.004617	4.3
139	-1.069761	24.272045	30.424565	0.004614	4.6
140	-1.039888	24.236531	30.448451	0.005612	4.0
141	-1.047170	24.201017	30.472374	0.003937	3.7
142	-1.031922	24.165502	30.496335	0.004756	3.9
143	-1.005400	24.129988	30.520334	0.005244	4.8
144	-1.010695	24.094474	30.544370	0.005026	4.2
145	-0.959723	24.058959	30.568445	0.003676	3.6
146	-0.998922	24.023445	30.592557	0.004688	4.2
147	-1.038604	23.987931	30.616707	0.006358	5.6
148	-1.001769	23.952416	30.640896	0.003685	4.6
149	-1.017974	23.916902	30.665123	0.004701	4.4
150	-1.048904	23.881387	30.689388	0.004538	4.6
151	-1.022767	23.845873	30.713691	0.006225	4.1
152	-1.023878	23.810359	30.738033	0.006229	5.4
153	-1.040278	23.774844	30.762414	0.003392	10.1
154	-1.033000	23.739330	30.786834	0.004544	5.5
155	-1.019995	23.703815	30.811292	0.003849	4.4
156	-1.023324	23.668305	30.835787	0.004034	4.7
157	-1.012134	23.632790	30.860323	0.007662	4.5
158	-1.045682	23.597276	30.884898	0.005143	4.9
159	-1.046512	23.561761	30.909512	0.004863	5.1
160	-1.033393	23.526247	30.934166	0.008200	6.1
161	-1.041674	23.490733	30.958859	0.005500	5.9
162	-1.062636	23.455220	30.983590	0.005625	5.9
163	-1.011722	23.419706	31.008362	0.003653	4.7
164	-1.026118	23.384192	31.033173	0.005616	5.3
165	-1.012050	23.348677	31.058025	0.005407	4.0
166	-1.026996	23.313163	31.082916	0.006373	4.8
167	-0.984098	23.277648	31.107847	0.004285	5.2
168	-1.061260	23.242134	31.132818	0.003698	3.7
169	-1.039019	23.206630	31.157822	0.005940	3.7
170	-1.035080	23.171116	31.182873	0.008153	4.1
171	-1.011050	23.135602	31.207965	0.007250	4.3
172	-1.017348	24.135602	30.516538	0.006581	3.4
173	-1.039739	24.100087	30.540569	0.005584	3.7
174	-1.045890	24.064573	30.564637	0.004112	4.8
175	-1.048326	24.029058	30.588743	0.004290	4.8
176	-1.017599	23.997548	30.610164	0.005016	4.6
177	-1.029436	23.962034	30.634342	0.005046	7.6
178	-1.021890	23.926519	30.658558	0.003343	4.7
179	-1.000953	23.891005	30.682813	0.003008	6.4
180	-1.053867	23.855491	30.707106	0.005061	5.1
181	-1.006850	23.819977	30.731437	0.003907	5.1
182	-1.045381	23.784463	30.755807	0.005224	6.7
183	-1.057587	23.751318	30.778587	0.004665	4.9
184	-1.062862	23.715803	30.803032	0.005187	5.1
185	-0.999080	23.680289	30.827516	0.003293	5.7
186	-1.074103	23.644774	30.852039	0.006240	4.1
187	-0.980739	24.624355	30.189628	0.003926	4.3
188	-1.009811	25.379042	29.698377	0.004155	4.8
189	-1.059023	25.343528	29.721136	0.003702	4.4
190	-1.003016	25.308014	29.743930	0.008997	4.8
191	-1.020604	25.272499	29.766758	0.003618	4.4
192	-1.016221	25.236985	29.789622	0.006657	5.8
193	-1.059855	25.201470	29.812521	0.003394	4.3
194	-1.066172	25.165956	29.835455	0.003474	5.0
195	-1.039034	25.130442	29.858424	0.004136	4.7
196	-1.067082	25.094927	29.881429	0.003233	6.2
197	-1.042312	25.059414	29.904468	0.004743	4.5
198	-1.042862	25.023900	29.927544	0.005550	5.8
199	-1.043325	26.023666	29.291257	0.004265	4.2
200	-1.059023	25.988152	29.313396	0.007571	4.2
201	-1.040864	25.952637	29.335568	0.004830	5.0
202	-1.100978	25.917123	29.357774	0.005539	3.8
203	-1.056487	25.882449	29.379487	0.005003	4.2
204	-1.072608	25.846934	29.401760	0.004165	4.5
205	-1.037706	25.811429	29.424060	0.004020	5.2
206	-0.969330	25.776438	29.446071	0.004869	4.3
207	-1.040028	25.740924	29.468444	0.003717	3.6
208	-1.065682	25.705484	29.490805	0.008567	4.0
209	-1.052406	25.671475	29.512295	0.002996	4.0
210	-1.039294	25.674801	29.510191	0.008326	4.0
211	-1.039740	26.083997	29.253725	0.004116	4.4
212	-1.033751	26.048483	29.275807	0.006588	5.0
213	-1.022986	26.252986	29.149106	0.005926	3.7
214	-1.082642	26.994908	28.698509	0.005491	4.5
215	-1.060789	27.994908	28.112764	0.003752	5.4
216	-1.009633	27.959399	28.133154	0.003212	4.9
217	-1.060058	27.923884	28.153576	0.005660	3.6
218	-1.006703	27.888370	28.174028	0.003483	4.2
219	-1.054916	27.852874	28.194499	0.005087	5.0
220	-1.028858	27.817360	28.215010	0.005931	3.5
221	-1.076643	28.817360	27.648641	0.004298	4.0
222	-1.069253	28.781845	27.668366	0.004468	4.3
223	-1.094815	29.770712	27.129466	0.004866	4.6
224	-1.091748	29.735198	27.148457	0.004140	3.5
225	-1.043974	29.702664	27.165876	0.003800	4.0
226	-1.062388	29.667299	27.184838	0.008718	7.0
227	-1.024196	30.667299	26.658686	0.007618	4.7
228	-1.050112	31.667299	26.152515	0.002965	5.2
229	-1.044907	32.609747	25.692759	0.003293	3.9
230	-1.070585	32.574239	25.709787	0.005860	4.1
231	-1.037430	33.536293	25.256251	0.004969	4.6
232	-1.042367	33.500778	25.272709	0.003576	6.1
233	-1.031853	33.465311	25.289166	0.006074	5.1
234	-1.058874	33.431025	25.305096	0.005579	5.5
235	-1.056406	33.604550	25.224680	0.004018	5.0
236	-1.047336	34.604184	24.771199	0.003724	6.2
237	-1.032342	34.568740	24.786999	0.002885	6.2
238	-1.027889	34.533245	24.802842	0.004057	5.6
239	-1.035056	34.520409	24.808577	0.003370	4.2
240	-1.095257	34.484948	24.824432	0.004194	5.1
241	-1.014293	34.450223	24.839978	0.003269	4.8
242	-1.040740	35.448800	24.400560	0.003064	5.5
243	-1.071556	35.413328	24.415902	0.003117	6.8
244	-1.085817	35.377814	24.431282	0.002925	5.4
245	-1.047725	35.348908	24.443816	0.002899	5.3
246	-1.017706	35.313406	24.459226	0.005431	5.9
247	-1.049795	35.533604	24.363957	0.005941	5.5
248	-1.059577	35.499343	24.378731	0.004571	4.3
249	-1.063845	36.494543	23.956748	0.004120	4.2
250	-0.996779	37.494507	23.547208	0.004347	4.3
251	-1.003168	37.927241	23.374288	0.003807	4.2
252	-1.058151	37.893681	23.387607	0.002564	4.3
253	-1.045607	37.874245	23.395328	0.004275	3.9
254	-1.050286	37.838745	23.409444	0.002899	3.9
255	-1.050048	37.803230	23.423582	0.004118	4.2
256	-1.051180	37.781466	23.432255	0.003957	4.8
257	-1.042983	37.746309	23.446278	0.006284	4.5
258	-1.066986	37.710794	23.460461	0.005926	4.0
259	-1.053473	38.710526	23.067663	0.002956	4.1
260	-1.056628	38.675011	23.081392	0.004654	4.9
261	-1.061236	38.639497	23.095136	0.003833	4.6
262	-1.055895	38.603987	23.108896	0.003521	4.5
263	-1.041537	38.568472	23.122673	0.003257	5.0
264	-1.066667	38.533145	23.136394	0.004096	3.8
265	-1.073483	38.583710	23.116760	0.005033	4.6
266	-1.046473	38.548198	23.130545	0.004074	5.5
267	-1.016871	38.517447	23.142496	0.003737	5.8
268	-1.041182	39.517115	22.760211	0.002908	4.3
269	-1.054898	39.481812	22.773496	0.002979	4.4
270	-1.012002	39.446305	22.786873	0.005962	5.2
271	-1.038238	39.410791	22.800269	0.002299	4.6
272	-1.057805	39.377848	22.812709	0.005041	6.1
273	-1.023293	39.342949	22.825903	0.003571	5.3
274	-1.030908	39.307473	22.839330	0.003707	4.9
275	-1.057130	39.291593	22.845346	0.005643	4.9
276	-1.032830	39.256078	22.858811	0.002253	6.0
277	-1.090971	40.237156	22.492591	0.004143	4.2
278	-1.029451	40.205049	22.504390	0.003510	4.8
279	-1.068796	40.175739	22.515172	0.005318	4.7
280	-1.046601	40.140224	22.528251	0.003676	4.4
281	-1.056564	40.382595	22.439297	0.006388	3.8
282	-1.099791	40.347081	22.452288	0.004026	4.2
283	-1.043796	40.311566	22.465293	0.002916	4.1
284	-1.041759	40.276152	22.478277	0.007956	4.8
285	-1.075136	40.807290	22.285111	0.004221	4.2
286	-1.065118	40.771776	22.297923	0.002404	6.4
287	-1.051640	40.736276	22.310745	0.003296	5.1
288	-1.062189	40.701156	22.323444	0.004111	7.1
289	-1.089475	40.665650	22.336298	0.004502	4.1
290	-1.050784	40.630135	22.349169	0.003853	4.1
291	-1.117649	40.594621	22.362055	0.003742	5.2
292	-1.082768	40.568581	22.371513	0.003212	5.2
293	-1.100676	40.533117	22.384406	0.003110	3.9
294	-1.025666	40.497843	22.397246	0.005037	3.8
295	-1.010435	40.462519	22.410118	0.005437	4.3
296	-1.036341	40.427005	22.423074	0.002725	4.0
297	-1.066764	40.602342	22.359252	0.002392	4.0
298	-1.053457	40.566875	22.372133	0.003244	4.1
299	-1.051873	40.532504	22.384630	0.006091	4.4
300	-1.087563	41.383749	22.079184	0.004643	3.9
301	-1.052298	42.383749	21.730843	0.002787	4.0
302	-1.053877	42.348381	21.742976	0.003559	5.0
303	-1.033087	42.508145	21.688278	0.004621	4.2
304	-1.078731	42.692123	21.625630	0.003411	4.4
305	-1.038122	42.676988	21.630770	0.006440	4.0
306	-1.118952	43.115001	21.482996	0.003521	5.5
307	-1.107234	43.675805	21.296717	0.004470	4.5
308	-0.998694	44.557702	21.010229	0.004153	4.9
309	-1.071532	44.522188	21.021617	0.005459	6.7
310	-1.049128	45.522188	20.705607	0.002664	5.7
311	-1.076474	45.491091	20.715291	0.004324	7.1
312	-1.042830	45.462780	20.724115	0.002893	4.9
313	-1.061865	45.427377	20.735160	0.002407	4.1
314	-1.049121	45.392014	20.746205	0.005671	4.7
315	-1.027783	45.356500	20.757308	0.003650	4.3
316	-0.994041	46.347301	20.451930	0.004151	3.9
317	-1.091743	46.311787	20.462721	0.003896	4.9
318	-1.005471	46.929317	20.276699	0.004466	5.7
319	-1.070882	46.893803	20.287305	0.003576	5.2
320	-1.060238	46.858471	20.297868	0.005683	5.0
321	-1.043403	46.822957	20.308497	0.004723	4.0
322	-1.058288	47.822957	20.013414	0.003162	5.0
323	-1.073009	47.807050	20.018040	0.004027	4.0
324	-1.065257	47.775841	20.027124	0.006468	4.8
325	-1.048482	47.929046	19.982611	0.005750	4.9
326	-1.085776	47.893531	19.992912	0.002127	4.3
327	-1.065907	47.858018	20.003223	0.004824	4.2
328	-1.022046	48.621001	19.784006	0.003683	4.1
329	-1.055679	48.585487	19.794103	0.002370	4.5
330	-1.058612	48.628000	19.782017	0.003151	4.3
331	-1.069115	48.594041	19.791670	0.003645	3.8
332	-1.022112	48.558671	19.801734	0.004007	5.4
333	-1.035478	48.523156	19.811849	0.002513	5.2
334	-1.080221	49.163030	19.631169	0.004783	5.3
335	-1.052545	49.690168	19.484779	0.004450	4.5
336	-1.056809	50.686620	19.213939	0.004323	3.9
337	-1.083905	50.651110	19.223461	0.004978	3.9
338	-1.069587	50.615754	19.232951	0.005824	4.4
339	-1.044241	51.615747	18.968094	0.004185	4.4
340	-1.073773	52.615744	18.710431	0.003407	3.9
341	-1.070974	52.580230	18.719462	0.005861	3.7
342	-1.102777	53.580227	18.468465	0.004806	4.0
343	-1.065372	53.779958	18.419137	0.002409	4.2
344	-1.053808	53.744446	18.427888	0.003232	3.8
345	-1.049857	53.708989	18.436634	0.003029	4.2
346	-1.046640	53.682145	18.443261	0.003210	5.1
347	-1.053350	53.646735	18.452010	0.005652	4.1
348	-1.034817	54.646271	18.208198	0.005573	4.1
349	-1.088658	55.646271	17.970637	0.006110	4.9
350	-1.088904	55.610757	17.978968	0.006060	4.9
351	-1.093879	56.610757	17.747312	0.002546	4.6
352	-1.071287	56.577065	17.755020	0.006717	5.6
353	-1.053005	56.541565	17.763148	0.003056	5.8
354	-1.027914	57.319655	17.586675	0.004426	4.0
355	-1.062338	57.284214	17.594637	0.002995	4.2
356	-1.051025	58.102204	17.412692	0.003081	4.9
357	-1.053066	58.547735	17.315167	0.007135	4.2
358	-1.072579	59.547735	17.100199	0.005026	4.0
359	-1.043921	60.547599	16.890532	0.003809	5.1
360	-1.038878	60.512084	16.897891	0.001910	4.5
361	-1.030944	60.477013	16.905164	0.005854	3.7
362	-1.045041	60.521172	16.896007	0.005028	4.5
363	-1.093336	60.485658	16.903371	0.006046	5.3
364	-1.045690	60.450144	16.910741	0.004898	4.2
365	-1.056010	61.450144	16.705639	0.003029	4.1
366	-1.033168	61.518200	16.691861	0.003681	4.1
367	-1.072821	61.482686	16.699048	0.004646	4.1
368	-1.060370	61.447171	16.706241	0.003375	4.6
369	-1.045769	62.446824	16.506108	0.005715	5.8
370	-1.046883	62.411310	16.513136	0.002996	5.9
371	-1.054506	62.375795	16.520170	0.004814	4.2
372	-1.072197	62.340281	16.527210	0.003645	4.7
373	-1.070084	62.396870	16.515995	0.003798	6.6
374	-1.047176	62.361468	16.523009	0.003505	4.2
375	-1.046439	63.132851	16.371516	0.005030	4.6
376	-1.031487	63.101015	16.377713	0.003710	4.3
377	-1.078782	63.065501	16.384632	0.003053	4.1
378	-1.027086	63.482739	16.303713	0.004134	5.5
379	-1.083162	63.452766	16.309499	0.003444	5.1
380	-1.062048	63.418337	16.316151	0.003820	3.6
381	-1.044445	63.554123	16.289948	0.003424	3.9
382	-1.075859	63.518619	16.296791	0.002682	4.1
383	-1.072262	63.483170	16.303629	0.003190	3.8
384	-1.092306	63.451081	16.309824	0.002888	4.1
385	-1.046439	64.286698	16.150025	0.004376	4.0
386	-1.063617	64.269343	16.153312	0.002438	4.3
387	-1.017135	64.233833	16.160042	0.003937	4.0
388	-1.064681	64.728239	16.066845	0.003182	5.4
389	-1.050011	65.443844	15.933839	0.002102	6.3
390	-1.071370	65.419851	15.938263	0.002580	4.4
391	-1.021981	65.390628	15.943654	0.002798	5.9
392	-1.061987	65.355461	15.950147	0.004442	6.2
393	-1.048228	65.533039	15.917415	0.004127	5.4
394	-1.064931	66.532933	15.735590	0.004162	4.4
395	-1.052336	67.532906	15.557857	0.002643	4.7
396	-1.057995	67.501081	15.563452	0.003996	3.6
397	-1.061485	68.445144	15.399185	0.003655	4.3
398	-1.046283	68.409629	15.405302	0.002800	5.1
399	-1.065639	68.374117	15.411423	0.002351	4.5
400	-1.051118	68.338861	15.417505	0.004080	4.0
401	-1.014321	68.304033	15.423517	0.002200	3.9
402	-1.059637	68.268552	15.429648	0.005460	4.4
403	-1.039093	68.233055	15.435786	0.003490	4.1
404	-1.077320	69.233019	15.264726	0.005281	4.1
405	-1.056075	69.197505	15.270736	0.003586	4.6
406	-1.023008	70.197297	15.103324	0.002365	5.0
407	-1.085965	70.164739	15.108718	0.004498	4.5
408	-1.071391	70.129233	15.114604	0.002968	5.4
409	-1.048992	70.211815	15.100920	0.005344	5.3
410	-1.057485	70.188475	15.104785	0.002937	6.0
411	-1.047287	70.152964	15.110669	0.003140	5.4
412	-1.029912	70.117456	15.116558	0.003069	5.8
413	-1.036087	70.407910	15.068524	0.004572	5.3
414	-1.110720	71.180068	14.942301	0.003981	5.7
415	-1.059104	71.145799	14.947858	0.004459	5.2
416	-1.079087	72.145676	14.787399	0.003906	4.7
417	-1.044457	72.110162	14.793039	0.005939	5.3
418	-1.048228	72.074648	14.798684	0.003340	5.1
419	-1.053887	73.074614	14.641381	0.003517	4.2
420	-1.067215	73.039100	14.646911	0.002966	4.4
421	-1.050025	73.168086	14.626848	0.002779	4.9
422	-1.051584	73.140422	14.631147	0.003378	4.1
423	-1.074130	73.116414	14.634879	0.005338	3.8
424	-1.066853	74.116398	14.481018	0.002678	4.3
425	-1.046675	74.080953	14.486417	0.004117	3.9
426	-1.068403	74.051860	14.490851	0.002099	4.0
427	-1.111191	74.925511	14.358874	0.004092	4.1
428	-1.059306	74.989304	14.349331	0.002789	4.3
429	-1.117806	74.958321	14.353964	0.002726	4.1
430	-1.092759	74.924141	14.359079	0.005527	4.7
431	-1.049870	75.256355	14.309521	0.003299	4.3
432	-1.080608	75.220853	14.314800	0.004565	4.6
433	-1.053298	76.142860	14.178935	0.004688	3.9
434	-1.059352	76.107355	14.184119	0.002422	4.1
435	-1.085015	76.071846	14.189308	0.005190	4.1
436	-1.000195	76.039247	14.194075	0.002703	4.4
437	-1.052996	76.051772	14.192243	0.006100	4.0
438	-1.070540	76.016258	14.197438	0.005296	4.5
439	-1.112951	77.016258	14.052590	0.004073	4.4
440	-1.096425	76.993078	14.055914	0.003764	3.8
441	-1.110743	76.963739	14.060124	0.005726	4.0
442	-1.075967	77.963700	13.918056	0.003569	4.5
443	-1.050071	78.955875	13.779903	0.002978	4.2
444	-1.050265	78.924140	13.784280	0.003091	3.9
445	-1.033737	79.784248	13.666643	0.003303	4.1
446	-1.055029	79.780080	13.667208	0.006184	4.6
447	-1.039805	79.744566	13.672026	0.001999	4.0
448	-1.042987	80.727524	13.539918	0.002987	4.0
449	-1.060884	80.738367	13.538475	0.005255	4.4
450	-1.082794	81.738332	13.406703	0.005922	4.6
451	-1.026899	82.738332	13.277467	0.003372	4.1
452	-1.084675	83.738332	13.150699	0.006133	4.5
453	-1.030226	83.702817	13.155160	0.004897	4.5
454	-1.018871	84.702817	13.030706	0.004118	3.8
455	-1.054469	85.702816	12.908584	0.005117	3.7
456	-1.073797	86.702666	12.788748	0.004953	4.7
457	-1.042706	86.667152	12.792967	0.002812	4.8
458	-1.041977	86.968547	12.757255	0.007731	3.6
459	-1.086096	87.048917	12.747766	0.003767	3.5
460	-1.060412	87.013403	12.751957	0.003518	4.9
461	-1.080599	86.977889	12.756151	0.002888	4.2
462	-1.093901	87.970536	12.639952	0.002912	4.2
463	-1.067715	87.935024	12.644072	0.004905	4.6
464	-1.051113	87.903284	12.647757	0.004443	4.8
465	-1.069799	88.343527	12.596834	0.004139	4.9
466	-1.107810	89.343503	12.482677	0.002764	5.1
467	-0.995746	89.308065	12.486687	0.003834	5.1
468	-1.051677	90.298809	12.375535	0.003068	4.1
469	-1.072721	90.263296	12.379485	0.002218	3.7
470	-1.086767	90.337958	12.371183	0.003032	5.0
471	-1.082008	90.302476	12.375127	0.002958	5.9
472	-1.072811	90.269853	12.378755	0.002146	4.0
473	-1.077519	90.432503	12.360687	0.003961	5.8
474	-1.038430	90.397008	12.364626	0.005855	4.5
475	-1.074150	90.361493	12.368569	0.003140	4.2
476	-1.056100	90.325983	12.372514	0.003129	4.5
477	-1.081270	90.388484	12.365572	0.005402	4.9
478	-1.022353	90.353623	12.369443	0.001827	4.1
479	-1.044701	90.318521	12.373344	0.005164	3.8
480	-1.098107	90.283344	12.377255	0.003681	4.4
481	-1.043823	90.685992	12.332633	0.006382	4.0
482	-1.035053	90.650478	12.336555	0.003970	4.0
483	-1.039427	90.616195	12.340345	0.004531	3.8
484	-1.097240	90.580680	12.344272	0.005748	5.6
485	-1.072236	91.580632	12.234629	0.003378	3.9
486	-1.043772	92.580390	12.126938	0.004866	4.1
487	-1.062330	92.544876	12.130731	0.002956	4.0
488	-1.019932	92.517236	12.133684	0.005632	4.1
489	-1.030374	92.481922	12.137460	0.005267	4.8
490	-1.032182	92.454498	12.140394	0.002674	4.4
491	-1.051523	92.418984	12.144195	0.004076	5.0
492	-1.087691	92.383743	12.147970	0.007077	4.2
493	-1.046738	93.383743	12.041766	0.002538	3.9
494	-1.052143	93.348232	12.045506	0.006949	3.9
495	-1.081614	93.313594	12.049156	0.004969	5.1
496	-1.041868	94.313594	11.944666	0.002218	4.2
497	-1.047733	94.280601	11.948084	0.004511	3.7
498	-1.009066	94.245836	11.951688	0.002486	4.0
499	-1.054217	94.265616	11.949637	0.002469	4.1
500	-1.034505	94.324803	11.943505	0.003088	4.1
501	-1.080563	94.416761	11.933989	0.002777	4.5
502	-1.059618	94.382270	11.937556	0.002850	4.6
503	-1.022682	94.347357	11.941169	0.004760	4.1
504	-1.082642	94.895329	11.884709	0.006215	3.9
505	-1.122694	95.895329	11.783040	0.003300	4.3
506	-1.067506	96.863387	11.686261	0.005016	5.0
507	-1.112663	96.830950	11.689478	0.002462	4.5
508	-1.038176	96.795436	11.693002	0.003568	4.1
509	-1.070444	96.761445	11.696377	0.006097	4.1
510	-1.038015	96.725931	11.699906	0.001844	4.3
511	-1.088518	96.690912	11.703387	0.003983	4.0
512	-1.045725	96.655806	11.706879	0.003117	3.9
513	-1.090991	96.627144	11.709732	0.003648	4.4
514	-1.050743	96.599241	11.712510	0.003347	5.3
515	-1.054490	96.564625	11.715959	0.003024	5.1
516	-1.063418	96.529442	11.719466	0.004574	5.3
517	-1.020955	96.648330	11.707623	0.004026	4.0
518	-1.050766	96.612816	11.711158	0.002374	3.9
519	-1.022293	96.580953	11.714332	0.003940	6.8
520	-1.060502	96.546274	11.717788	0.004217	4.2
521	-1.071396	96.510760	11.721329	0.004433	3.7
522	-1.047830	96.475246	11.724873	0.004150	4.4
523	-1.070742	96.444175	11.727975	0.003393	4.3
524	-1.048387	96.731865	11.699316	0.003010	4.4
525	-1.055968	96.696360	11.702845	0.006303	3.9
526	-1.051717	96.660877	11.706375	0.003737	4.5
527	-1.091473	96.630035	11.709444	0.004729	4.5
528	-1.065916	97.625977	11.611136	0.003087	4.1
529	-1.044861	97.615628	11.612149	0.002612	4.0
530	-1.066738	97.598626	11.613813	0.004115	5.5
531	-1.067800	98.569953	11.519468	0.003397	4.3
532	-1.067651	99.527278	11.427972	0.004181	3.7
533	-1.053449	99.536340	11.427112	0.003258	4.4
534	-1.029739	100.480555	11.338294	0.002820	4.2
535	-1.092870	100.583820	11.328664	0.006781	4.5
536	-1.070508	100.548306	11.331974	0.003693	6.7
537	-1.059947	100.512792	11.335286	0.002435	6.2
538	-1.070878	100.716060	11.316356	0.004814	3.9
539	-1.050132	100.680546	11.319659	0.003544	4.7
540	-1.053614	101.343630	11.258308	0.003380	4.8
541	-1.086812	101.308116	11.261577	0.003749	4.1
542	-1.042371	101.281404	11.264037	0.002641	4.1
543	-1.051335	101.345965	11.258093	0.003851	4.8
544	-1.086304	102.175695	11.182257	0.003115	4.3
545	-1.064399	102.149990	11.184591	0.003827	4.2
546	-1.043447	103.144178	11.095021	0.006260	4.7
547	-1.030527	103.112014	11.097897	0.002983	4.1
548	-1.053122	104.112014	11.009193	0.005036	5.3
549	-1.061379	104.076646	11.012306	0.002570	4.9
550	-1.073726	104.041145	11.015433	0.004143	5.0
551	-1.082833	104.005634	11.018562	0.007036	5.0
552	-1.088696	105.005634	10.931117	0.003087	5.6
553	-1.106176	104.970120	10.934199	0.005768	4.8
554	-1.069004	105.969957	10.848096	0.005454	4.6
555	-1.082963	105.934757	10.851104	0.003975	4.3
556	-1.060777	105.899243	10.854141	0.003554	4.4
557	-1.055158	105.863729	10.857180	0.005200	4.6
558	-1.044653	105.831817	10.859911	0.002376	4.6
559	-1.054976	105.796318	10.862952	0.004231	4.9
560	-1.057196	106.469764	10.805561	0.003788	4.0
561	-1.081133	106.434355	10.808563	0.004217	4.0
562	-1.038099	107.414487	10.726066	0.003794	4.9
563	-1.045980	107.378973	10.729034	0.003494	4.8
564	-1.044930	107.370405	10.729750	0.002629	4.3
565	-1.081528	107.335116	10.732700	0.004656	4.1
566	-1.043011	107.300523	10.735594	0.002649	5.4
567	-1.092787	107.265018	10.738566	0.003449	4.0
568	-1.056823	107.229505	10.741540	0.003957	4.0
569	-1.078883	107.193991	10.744515	0.004464	4.4
570	-1.070227	107.159320	10.747422	0.003825	5.1
571	-1.052827	107.123805	10.750401	0.004224	4.2
572	-1.053400	107.178566	10.745808	0.001814	5.1
573	-1.051674	107.143312	10.748765	0.003598	4.6
574	-1.095269	107.127304	10.750108	0.003157	4.6
575	-1.038268	107.091791	10.753088	0.005059	4.0
576	-1.068000	108.091791	10.669790	0.004043	4.0
577	-1.100629	108.056298	10.672724	0.005529	4.6
578	-1.034426	108.020848	10.675657	0.003995	3.9
579	-1.072289	109.020848	10.593550	0.003470	4.9
580	-1.048351	108.985800	10.596406	0.002878	5.7
581	-1.071588	109.576557	10.548466	0.003446	4.7
582	-1.058039	110.566086	10.469129	0.003494	4.9
583	-1.060113	111.440528	10.400006	0.002968	5.2
584	-1.053838	111.406569	10.402674	0.003336	4.1
585	-1.086434	111.371057	10.405464	0.003606	4.0
586	-1.040037	111.339558	10.407941	0.002592	5.6
587	-1.051178	111.414559	10.402046	0.004455	4.1
588	-1.066706	111.903592	10.363770	0.005058	3.6
589	-1.116355	111.868079	10.366540	0.003430	4.1
590	-1.061503	111.832565	10.369312	0.002414	4.8
591	-1.076112	111.824312	10.369956	0.002134	4.2
592	-1.093858	111.795691	10.372191	0.004841	3.6
593	-1.037503	112.088709	10.349355	0.004530	4.0
594	-1.015177	112.053194	10.352118	0.003881	4.5
595	-1.070680	113.053169	10.274896	0.002810	3.9
596	-1.048454	113.017665	10.277618	0.003942	4.1
597	-1.031467	113.110120	10.270532	0.005011	4.4
598	-1.057855	113.076039	10.273143	0.003700	4.3
599	-1.053431	113.040525	10.275865	0.003102	4.7
600	-1.076309	113.005028	10.278587	0.003426	4.3
601	-1.051769	113.735784	10.222840	0.004521	4.7
602	-1.052378	113.700269	10.225535	0.002065	4.1
603	-1.059888	114.433930	10.170142	0.003169	4.4
604	-1.045952	114.406245	10.172221	0.004250	4.8
605	-1.082418	114.371558	10.174828	0.001723	4.6
606	-1.054046	114.336171	10.177488	0.002988	4.6
607	-1.049664	114.313766	10.179174	0.003025	5.0
608	-1.043768	115.296748	10.105761	0.003871	5.1
609	-1.044477	116.122567	10.044899	0.002508	4.5
610	-1.041186	117.039458	9.978178	0.001643	4.1
611	-1.041687	117.079446	9.975288	0.003365	3.9
612	-1.084775	117.054316	9.977104	0.002278	4.8
613	-1.046835	117.290373	9.960074	0.003640	4.8
614	-1.094656	118.243431	9.891901	0.007870	6.0
615	-1.109328	118.207917	9.894425	0.004316	4.8
616	-1.079816	119.207917	9.823855	0.005812	4.3
617	-1.086033	120.138944	9.759052	0.004716	4.6
618	-1.067776	120.103429	9.761508	0.004587	4.8
619	-1.125898	120.067915	9.763966	0.005005	4.6
620	-1.059803	121.067267	9.695283	0.004003	4.3
621	-1.060087	121.032461	9.697659	0.003748	4.0
622	-1.086656	120.996947	9.700084	0.003085	4.3
623	-1.042035	121.982960	9.633192	0.002607	4.2
624	-1.063467	121.954076	9.635138	0.002726	4.7
625	-1.073952	121.920268	9.637418	0.003078	4.6
626	-1.061187	121.884763	9.639812	0.005558	3.7
627	-1.030296	121.849261	9.642208	0.001904	5.0
628	-1.008367	121.813751	9.644606	0.003019	5.5
629	-1.099180	121.780891	9.646825	0.001828	5.2
630	-1.030149	121.747184	9.649103	0.004679	5.8
631	-1.057171	122.589093	9.592527	0.005258	7.1
632	-1.018093	123.589093	9.526184	0.003068	13.6
633	-1.016870	123.553581	9.528524	0.002692	13.7
634	-1.029613	123.528501	9.530178	0.001740	5.9
635	-1.047017	123.499451	9.532094	0.003695	6.1
636	-1.077644	124.075120	9.494270	0.002208	9.1
637	-1.037303	124.308741	9.479005	0.003536	5.6
638	-1.091826	124.291616	9.480122	0.004583	6.6
639	-1.053604	124.256103	9.482440	0.003558	4.7
640	-1.055127	124.220604	9.484758	0.002979	5.1
641	-1.045537	124.208534	9.485547	0.003489	5.7
642	-1.058938	124.991557	9.434671	0.003254	4.8
643	-1.068856	124.971021	9.435998	0.003992	4.8
644	-1.061094	124.935521	9.438294	0.002645	5.9
645	-1.034945	125.017972	9.432964	0.002554	6.2
646	-1.049505	124.982903	9.435230	0.001448	5.7
647	-1.040215	124.953848	9.437109	0.004615	6.3
648	-1.037434	125.012082	9.433345	0.004079	5.1
649	-1.039443	126.012082	9.369178	0.003734	4.6
650	-1.026760	126.974194	9.308260	0.003215	6.1
651	-1.080500	126.939761	9.310427	0.003094	4.1
652	-1.061740	126.911472	9.312207	0.003212	5.2
653	-1.067256	126.876073	9.314437	0.002951	6.5
654	-1.072113	127.862683	9.252704	0.005528	6.2
655	-1.101507	127.827254	9.254906	0.003405	8.6
656	-1.088685	127.791740	9.257115	0.003965	7.6
657	-1.092657	128.595972	9.207349	0.004865	7.8
658	-1.085822	128.560458	9.209535	0.002410	9.1
659	-1.082223	128.524978	9.211720	0.005063	6.2
660	-1.078152	128.494835	9.213578	0.002409	14.7
661	-1.054206	129.332272	9.162253	0.005857	9.9
662	-1.092367	129.628330	9.144245	0.003935	5.9
663	-1.043710	130.628330	9.083938	0.004972	6.4
664	-1.113440	130.592815	9.086066	0.005483	7.1
665	-1.041011	130.559270	9.088077	0.002742	4.8
666	-1.042777	130.523756	9.090207	0.003357	9.1
667	-1.022936	130.488445	9.092326	0.003263	7.4
668	-1.054770	130.700533	9.079614	0.002062	8.2
669	-1.059067	130.714058	9.078805	0.003189	7.4
670	-1.066896	130.771491	9.075369	0.003351	10.5
671	-1.060030	130.736043	9.077489	0.002420	5.9
672	-1.055066	130.779943	9.074864	0.005483	6.5
673	-1.076895	131.424566	9.036485	0.002637	5.9
674	-1.070211	132.216644	8.989769	0.003344	5.3
675	-1.082647	132.355830	8.981610	0.003541	8.0
676	-1.068539	132.320497	8.983680	0.003855	9.5
677	-1.043499	133.320449	8.925468	0.004659	10.6
678	-1.090174	133.284935	8.927523	0.002445	5.4
679	-1.061006	133.249647	8.929565	0.006217	6.1
680	-1.034298	134.027643	8.884753	0.003082	3.9
681	-1.054417	135.027642	8.827810	0.005842	4.4
682	-1.038920	136.027597	8.771594	0.006910	5.8
683	-1.057864	137.027597	8.716087	0.001867	4.9
684	-1.043737	137.328426	8.699526	0.002400	4.5
685	-1.055907	137.327872	8.699557	0.002699	6.1
686	-1.049816	137.304691	8.700831	0.002661	4.9
687	-1.050046	137.296138	8.701301	0.004054	5.1
688	-1.043742	138.292709	8.646863	0.004274	5.7
689	-1.080815	138.257195	8.648792	0.002986	5.6
690	-1.053060	138.221680	8.650721	0.003301	5.2
691	-1.066111	138.921118	8.612886	0.003137	5.1
692	-1.052541	139.097095	8.603418	0.003573	5.8
693	-1.071923	139.063898	8.605203	0.003278	5.2
694	-1.096197	139.843739	8.563481	0.003509	6.2
695	-1.071846	139.814210	8.565053	0.002328	5.9
696	-1.068399	139.778699	8.566945	0.005129	4.7
697	-1.027849	139.743326	8.568830	0.002568	4.0
698	-1.070056	140.725957	8.516767	0.003874	5.8
699	-1.035504	140.690443	8.518638	0.004592	5.1
700	-1.018088	140.656154	8.520445	0.003813	5.0
701	-1.076953	141.656143	8.468062	0.003435	5.7
702	-1.097167	142.586480	8.419903	0.005530	6.6
703	-1.053068	142.550965	8.421731	0.004316	4.8
704	-1.078617	142.515451	8.423561	0.003763	4.5
705	-1.023589	142.479979	8.425388	0.003324	4.5
706	-1.077582	142.444552	8.427215	0.003511	4.6
707	-1.080222	142.409073	8.429044	0.006768	5.0
708	-1.093471	142.373558	8.430877	0.003839	5.4
709	-1.078762	142.338074	8.432708	0.003907	5.2
710	-1.035462	143.338045	8.381396	0.002961	4.3
711	-1.022029	144.336184	8.330798	0.002768	5.0
712	-1.063031	144.301263	8.332558	0.007068	4.1
713	-1.077058	145.295325	8.282748	0.004695	4.2
714	-1.055106	145.259811	8.284517	0.002182	4.1
715	-1.058284	145.234217	8.285793	0.002751	4.2
716	-1.088571	145.210669	8.286967	0.002152	4.2
717	-1.039028	145.175449	8.288723	0.002111	4.4
718	-1.101840	145.148601	8.290063	0.007324	5.6
719	-1.059163	146.136088	8.241083	0.002519	5.7
720	-1.067700	146.100869	8.242820	0.005941	4.6
721	-1.073069	146.065440	8.244568	0.003108	6.0
722	-1.046261	146.029926	8.246321	0.003071	5.0
723	-1.069881	145.994461	8.248072	0.003736	4.3
724	-1.069036	146.795790	8.208682	0.003106	5.6
725	-1.040271	146.760281	8.210420	0.003661	5.5
726	-1.081610	147.758558	8.161852	0.005372	4.6
727	-1.078692	147.723073	8.163568	0.001940	4.7
728	-1.043891	147.710142	8.164194	0.003138	4.8
729	-1.045955	147.685861	8.165369	0.005519	4.3
730	-1.071348	148.542472	8.124114	0.004842	5.8
731	-1.022639	148.506957	8.125816	0.003332	5.1
732	-1.061323	149.503959	8.078301	0.002707	4.9
733	-1.058799	150.499332	8.031415	0.002198	7.7
734	-1.068739	150.491454	8.031784	0.002549	5.6
735	-1.063314	150.477641	8.032431	0.002791	5.0
736	-1.083065	151.021872	8.007018	0.003370	5.4
737	-1.077105	150.987475	8.008620	0.003749	7.5
738	-1.043581	151.985043	7.962436	0.003177	6.6
739	-1.010735	152.982843	7.916771	0.003821	4.9
740	-1.027811	152.947331	7.918387	0.004228	5.0
741	-1.074591	153.946863	7.873147	0.002742	5.3
742	-1.052854	153.916799	7.874500	0.003924	4.5
743	-1.056412	153.887457	7.875821	0.004609	4.6
744	-1.060844	154.032165	7.869310	0.004559	5.7
745	-1.048596	153.996651	7.870907	0.005962	5.2
746	-1.072382	154.996651	7.826185	0.003280	7.1
747	-1.089546	154.961137	7.827764	0.001963	8.2
748	-1.075726	154.925918	7.829331	0.002249	6.7
749	-1.057210	154.928099	7.829234	0.002660	5.1
750	-1.065705	154.892631	7.830813	0.002177	5.9
751	-1.076030	154.857525	7.832376	0.004833	9.7
752	-1.079863	155.313067	7.812140	0.003138	8.5
753	-1.069236	156.313063	7.768081	0.004442	6.7
754	-1.061503	157.312784	7.724529	0.004287	5.0
755	-1.098945	158.240965	7.684528	0.002360	5.1
756	-1.066108	158.222600	7.685316	0.002858	5.9
757	-1.053545	158.187656	7.686815	0.003971	4.7
758	-1.093906	158.156064	7.688170	0.005660	4.8
759	-1.096299	159.156064	7.645495	0.004419	6.3
760	-1.077225	160.156064	7.603291	0.003343	4.7
761	-1.063074	160.121953	7.604723	0.003382	5.6
762	-1.046783	160.182023	7.602202	0.004216	7.1
763	-1.111239	160.146508	7.603692	0.002553	5.7
764	-1.109912	161.037753	7.566465	0.002743	7.5
765	-1.082491	161.002487	7.567931	0.002913	9.8
766	-1.054454	160.972627	7.569173	0.002561	6.7
767	-1.074733	160.939475	7.570552	0.004303	5.4
768	-1.066625	160.903962	7.572030	0.006762	5.7
769	-1.142752	161.903962	7.530631	0.002869	8.5
770	-1.102191	162.901393	7.489787	0.003631	4.0
771	-1.040693	162.865879	7.491234	0.002485	5.3
772	-1.011784	162.839834	7.492295	0.002882	4.9
773	-1.036569	162.805818	7.493682	0.002016	4.5
774	-1.053837	163.538598	7.463925	0.003010	11.2
775	-1.067066	163.713988	7.456838	0.002310	8.1
776	-1.083206	163.682460	7.458111	0.002682	8.9
777	-1.076196	163.647072	7.459540	0.002784	7.2
778	-1.087895	163.611653	7.460972	0.004864	5.4
779	-1.110513	163.576138	7.462407	0.002430	5.2
780	-1.050787	164.569241	7.422471	0.004801	5.5
781	-1.064805	164.533761	7.423890	0.003502	5.5
782	-1.073192	164.628199	7.420114	0.002324	6.0
783	-1.077238	165.457388	7.387116	0.005027	6.4
784	-1.073027	166.045670	7.363882	0.002823	5.8
785	-1.046182	166.012810	7.365176	0.005526	4.9
786	-1.025682	165.977305	7.366575	0.004140	5.3
787	-1.086171	166.481523	7.346763	0.004123	6.5
788	-1.049146	166.446009	7.348155	0.002525	4.9
789	-1.064957	166.410499	7.349547	0.002711	5.4
790	-1.067370	166.380780	7.350713	0.005016	8.6
791	-1.025717	166.352801	7.351811	0.002575	5.0
792	-1.027301	166.410608	7.349543	0.002643	4.5
793	-1.019706	166.382013	7.350664	0.003237	6.8
794	-1.079295	166.358459	7.351589	0.002979	4.6
795	-1.083167	167.347624	7.312979	0.003632	4.3
796	-1.081466	167.312121	7.314358	0.006454	7.4
797	-1.059680	168.284235	7.276794	0.002376	6.0
798	-1.052481	168.248750	7.278158	0.001908	8.4
799	-1.103172	168.216667	7.279392	0.003202	7.2
800	-1.056971	168.181354	7.280751	0.002529	4.6
801	-1.077735	168.485361	7.269070	0.003393	6.8
802	-1.037978	168.465042	7.269849	0.003592	4.5
803	-1.061208	169.047777	7.247558	0.003369	3.9
804	-1.024735	169.012263	7.248913	0.003410	6.0
805	-1.034774	168.977687	7.250232	0.003147	4.3
806	-1.070999	168.942177	7.251587	0.002503	4.7
807	-1.048638	168.906736	7.252941	0.003135	6.3
808	-1.079942	168.871759	7.254277	0.002178	5.0
809	-1.041930	168.838155	7.255561	0.003919	4.3
810	-1.076171	169.190062	7.242136	0.002256	4.5
811	-1.079142	169.407957	7.233848	0.004640	4.7
812	-1.039186	169.372443	7.235198	0.003525	4.0
813	-1.084640	170.368047	7.197556	0.003895	5.2
814	-1.085162	170.388820	7.196775	0.003942	4.6
815	-1.065709	171.388686	7.159373	0.002719	4.5
816	-1.096828	171.353286	7.160690	0.004726	3.8
817	-1.091033	171.317772	7.162013	0.002885	4.3
818	-1.071576	171.289793	7.163055	0.002275	5.7
819	-1.041342	171.254393	7.164374	0.002988	4.2
820	-1.111196	171.219088	7.165690	0.004931	5.9
821	-1.096639	171.183586	7.167013	0.003840	4.8
822	-1.073253	171.148072	7.168338	0.002561	4.7
823	-1.037555	171.112659	7.169659	0.003419	6.0
824	-1.073275	171.077149	7.170985	0.004901	4.9
825	-1.055208	171.053307	7.171875	0.004358	4.6
826	-1.061538	172.050454	7.134831	0.004446	4.2
827	-1.057541	173.050453	7.098063	0.002611	5.3
828	-1.069629	173.014971	7.099361	0.002580	4.9
829	-1.064462	173.084821	7.096806	0.002209	6.0
830	-1.045553	173.205883	7.092382	0.004249	6.4
831	-1.056289	173.170580	7.093671	0.007182	6.1
832	-1.032187	174.170580	7.057325	0.003676	5.2
833	-1.048493	174.135065	7.058610	0.003450	5.4
834	-1.058262	174.216422	7.055668	0.003644	3.8
835	-1.059115	174.180987	7.056949	0.002757	4.8
836	-1.064687	174.935547	7.029772	0.003016	5.2
837	-1.100354	174.900329	7.031036	0.003289	5.1
838	-1.062037	174.875050	7.031944	0.004490	6.9
839	-1.006163	175.756533	7.000440	0.003729	7.1
840	-1.084001	175.721018	7.001704	0.003162	5.8
841	-1.076485	175.685505	7.002968	0.003423	8.5
842	-1.069532	175.783918	6.999466	0.002327	7.6
843	-1.075836	175.980274	6.992489	0.005274	9.3
844	-1.084872	175.944798	6.993748	0.005422	8.0
845	-1.054379	175.909283	6.995009	0.002960	6.5
846	-1.032210	175.873769	6.996271	0.003446	5.4
847	-1.043663	176.598136	6.970624	0.003325	6.6
848	-1.030967	176.562621	6.971877	0.002922	4.8
849	-1.040479	176.527131	6.973130	0.002161	9.8
850	-1.053522	177.406764	6.942214	0.003152	6.3
851	-1.099832	177.371268	6.943457	0.003433	5.3
852	-1.063729	177.335888	6.944695	0.004126	9.5
853	-1.094554	177.935210	6.923773	0.004687	7.6
854	-1.038516	177.899696	6.925010	0.002904	6.2
855	-1.047405	178.885968	6.890840	0.003439	7.7
856	-1.071753	179.223900	6.879210	0.004202	6.7
857	-1.062295	180.063115	6.850497	0.002043	6.6
858	-1.094876	180.031339	6.851580	0.003537	8.1
859	-1.061545	180.035560	6.851436	0.003284	6.8
860	-1.056591	181.032595	6.817624	0.002877	7.6
861	-1.047481	180.997081	6.818823	0.002964	7.9
862	-1.072016	181.043368	6.817261	0.002004	9.1
863	-1.013294	181.514758	6.801392	0.001917	5.0
864	-1.041466	181.503124	6.801783	0.005190	7.1
865	-1.078760	182.169651	6.779469	0.008976	7.6
866	-1.090119	183.169651	6.746264	0.003115	7.3
867	-1.073273	184.169651	6.713382	0.005651	6.1
868	-1.065704	185.013389	6.685887	0.002445	4.8
869	-1.068394	184.978057	6.687034	0.002152	5.8
870	-1.037094	184.942928	6.688175	0.002799	5.2
871	-1.063572	185.539100	6.668869	0.005926	4.5
872	-1.059084	186.536407	6.636823	0.003253	6.4
873	-1.095420	186.500892	6.637958	0.005351	7.0
874	-1.058060	187.500887	6.606122	0.006228	4.9
875	-1.075751	188.500887	6.574589	0.003374	4.2
876	-1.075223	188.465372	6.575704	0.005833	5.4
877	-1.041610	188.429858	6.576819	0.004917	5.2
878	-1.083754	188.394344	6.577935	0.003916	4.3
879	-1.060013	188.358874	6.579049	0.003854	4.7
880	-1.078756	188.323360	6.580165	0.001761	5.0
881	-1.085991	188.292166	6.581146	0.003358	5.9
882	-1.031721	188.281636	6.581477	0.003784	4.4
883	-1.074323	188.386550	6.578179	0.004245	5.8
884	-1.076874	188.351036	6.579295	0.003056	5.5
885	-1.064897	188.330605	6.579938	0.004376	4.7
886	-1.072628	189.268662	6.550583	0.003794	5.4
887	-1.088750	189.234036	6.551662	0.004161	5.2
888	-1.086743	189.198523	6.552769	0.002061	5.4
889	-1.070967	189.163570	6.553859	0.002934	6.4
890	-1.009789	189.129246	6.554929	0.005829	7.4
891	-1.057164	189.168779	6.553696	0.003405	6.5
892	-1.055231	189.352952	6.547958	0.005175	5.1
893	-1.103974	189.317841	6.549051	0.002618	5.6
894	-1.042233	189.282340	6.550157	0.003310	5.0
895	-1.075621	189.251076	6.551131	0.004178	4.6
896	-1.051477	189.215566	6.552237	0.004464	5.1
897	-1.092673	190.215566	6.521216	0.004326	6.6
898	-1.062642	190.180052	6.522313	0.004577	4.7
899	-1.070055	190.144537	6.523410	0.002791	5.3
900	-1.071521	190.109098	6.524505	0.002682	6.4
901	-1.053920	190.238945	6.520494	0.004540	5.7
902	-1.088050	190.204042	6.521572	0.005265	7.6
903	-1.048821	190.168528	6.522669	0.003571	8.4
904	-1.074396	191.168528	6.491926	0.003249	7.6
905	-1.070360	191.133014	6.493012	0.003404	6.7
906	-1.060837	191.097500	6.494100	0.004025	6.7
907	-1.124821	192.090067	6.463850	0.005638	7.2
908	-1.031380	192.054552	6.464928	0.005667	6.0
909	-1.063537	193.054550	6.434726	0.002213	4.3
910	-1.070125	193.019036	6.435793	0.002442	4.9
911	-1.056225	192.983573	6.436860	0.003401	5.4
912	-1.081649	192.958024	6.437629	0.004304	7.0
913	-1.101456	192.922510	6.438697	0.002604	6.7
914	-1.038866	192.887076	6.439764	0.004225	8.9
915	-1.049141	192.928890	6.438505	0.001973	5.8
916	-1.081361	192.893427	6.439573	0.004115	6.6
917	-1.036182	192.859190	6.440604	0.005694	10.4
918	-1.031177	192.824091	6.441661	0.004691	7.1
919	-1.041753	192.788577	6.442731	0.003724	6.6
920	-1.067801	193.788328	6.412743	0.004486	10.3
921	-1.044782	194.788259	6.383027	0.004028	5.5
922	-1.079828	194.752744	6.384078	0.002301	5.9
923	-1.043285	194.717935	6.385108	0.004837	4.4
924	-1.064134	194.682433	6.386159	0.003313	4.2
925	-1.081108	194.647795	6.387185	0.002680	6.0
926	-1.063460	194.612313	6.388236	0.002798	4.3
927	-1.074376	194.592039	6.388837	0.003804	5.0
928	-1.077657	195.253579	6.369293	0.003129	4.4
929	-1.073243	195.218070	6.370339	0.004379	6.3
930	-1.073265	195.183123	6.371368	0.002156	4.8
931	-1.039094	195.147705	6.372412	0.002829	5.6
932	-1.037439	195.118462	6.373275	0.002913	5.6
933	-1.069797	195.104268	6.373693	0.005075	4.2
934	-1.093525	195.080513	6.374394	0.004145	5.0
935	-1.053491	196.080511	6.345030	0.003938	5.9
936	-1.056540	196.044997	6.346068	0.003647	4.2
937	-1.068768	196.017972	6.346858	0.003495	4.6
938	-1.025148	196.528275	6.331969	0.003484	5.6
939	-1.087197	196.492773	6.333003	0.004568	4.6
940	-1.074204	197.485512	6.304227	0.002844	5.7
941	-1.009636	197.468578	6.304716	0.003359	5.2
942	-1.088638	197.433065	6.305741	0.003901	4.4
943	-1.087403	198.395595	6.278076	0.001646	5.8
944	-1.039579	198.360510	6.279081	0.003435	5.4
945	-1.047377	198.341719	6.279618	0.004429	4.0
946	-1.055919	198.306205	6.280635	0.003516	7.6
947	-1.056701	198.272483	6.281601	0.004009	7.1
948	-1.033569	198.236969	6.282619	0.002962	4.9
949	-1.095650	198.201457	6.283637	0.003517	7.1
950	-1.066410	198.172685	6.284462	0.005152	4.9
951	-1.047545	198.137171	6.285480	0.004340	5.3
952	-1.058419	199.137171	6.256927	0.002818	5.6
953	-1.088695	199.130173	6.257126	0.002578	4.6
954	-1.092416	199.094694	6.258135	0.005629	6.7
955	-1.079332	199.060943	6.259095	0.003529	4.7
956	-1.072381	200.058867	6.230839	0.004625	4.7
957	-1.044701	200.023352	6.231841	0.002886	6.4
958	-1.096628	199.994815	6.232645	0.003120	4.8
959	-1.054840	199.970721	6.233325	0.002449	4.6
960	-1.116951	199.935767	6.234311	0.004704	6.1
961	-1.025268	199.902927	6.235238	0.002547	5.9
962	-1.083306	199.874590	6.236038	0.003606	10.5
963	-1.003529	199.839250	6.237036	0.004832	12.3
964	-1.074797	199.809505	6.237876	0.002044	6.7
965	-1.066414	199.785597	6.238551	0.004664	4.6
966	-1.065759	199.866146	6.236276	0.003250	7.0
967	-1.084058	200.172363	6.227642	0.004311	4.6
968	-1.073024	200.145907	6.228387	0.004990	4.9
969	-1.035010	201.145907	6.200350	0.007729	5.0
970	-1.055600	202.145907	6.172564	0.003836	9.3
971	-1.058136	202.118816	6.173313	0.002443	6.0
972	-1.045109	202.083306	6.174296	0.004193	5.0
973	-1.063387	202.682410	6.157759	0.003312	5.8
974	-1.055492	202.646898	6.158736	0.003959	6.5
975	-1.083397	202.611413	6.159714	0.002243	4.7
976	-1.089437	202.575914	6.160692	0.002959	5.4
977	-1.099892	202.543016	6.161598	0.003224	5.1
978	-1.054039	202.507509	6.162577	0.005473	4.2
979	-1.067101	203.507505	6.135128	0.003673	3.9
980	-1.060469	204.507504	6.107922	0.002223	6.9
981	-1.010218	204.472852	6.108861	0.003919	6.4
982	-1.095692	204.437378	6.109822	0.002577	5.5
983	-1.057896	204.431305	6.109987	0.002274	5.2
984	-1.056779	204.405763	6.110679	0.003039	5.8
985	-1.079082	204.370356	6.111639	0.004410	4.4
986	-1.066107	205.370067	6.084649	0.003314	6.0
987	-1.067947	205.334553	6.085603	0.003126	5.9
988	-1.119642	205.299070	6.086558	0.003339	5.9
989	-1.074416	205.413317	6.083486	0.002832	10.3
990	-1.053906	205.384020	6.084274	0.004975	14.5
991	-1.024445	205.522398	6.080557	0.002213	9.6
992	-1.045499	206.480306	6.054952	0.002909	10.2
993	-1.123537	206.580207	6.052294	0.004923	4.5
994	-1.037637	206.544708	6.053238	0.004473	6.0
995	-1.118485	206.646298	6.050537	0.002211	4.5
996	-1.076078	207.631616	6.024461	0.004716	4.3
997	-1.050125	207.596102	6.025397	0.005443	4.8
998	-1.079226	207.560587	6.026333	0.002587	5.0
999	-1.113775	207.525544	6.027258	0.003648	6.1
