(BSplineTransformSplineOrder 3)
(Direction 1 0 0 1)
(FixedImageDimension 2)
(FixedInternalImagePixelType "float")
(GridDirection 1 0 0 1)
(GridIndex 0 0)
(GridOrigin -24.567768720112255 -27.576904472968245)
(GridSize 24 17)
(GridSpacing 15.444060191057588 16.2808080994482)
(HowToCombineTransforms "Compose")
(Index 0 0)
(InitialTransformParametersFileName "output/TransformParameters.1.txt")
(MovingImageDimension 2)
(MovingInternalImagePixelType "float")
(NumberOfParameters 816)
(Origin 0 0)
(Size 329 219)
(Spacing 1 1)
(Transform "BSplineTransform")
(TransformParameters 2.315834232822688 4.171477332545209 4.759229293333436 5.5094570330164965 6.204435436791047 7.090146501850024 8.051227585972006 8.809239011463555 9.109736211215973 8.608374895357429 7.319544911080709 5.549707909643551 3.75072062457848 2.465974817966823 1.7389304870475817 1.0810810773666217 0.25912782938691603 -0.9248320012470083 -2.4658181909976156 -4.137201602886035 -5.745656349000295 -6.9470540958616676 -7.652921782898608 -7.371620418529807 3.958706849950345 7.7085989144138045 9.745944147476669 9.552674531630384 9.424620266289342 10.723042241315413 12.341640971763018 14.628508431397092 16.321189864902717 15.543281870738417 12.225581965624293 6.2208275992323125 2.832234911117706 0.9549225277151813 0.44565452049833454 0.19050497038543426 0.3382771945746365 -1.5005383526538714 -4.8798247584137915 -8.102416343578533 -11.92818681447615 -14.392742261613646 -14.13718387722308 -11.694804535677887 4.685841695680124 11.493535335824042 15.20768968324832 11.061817207827538 10.094626258969091 11.819860746240769 13.328864269987996 18.108360565788924 22.257906365780663 18.101227059765154 12.136720375925645 4.774812499511291 1.4458695483157593 0.0941317599073406 0.43996952572035486 -0.2081291232608614 1.4418687456441792 -1.2295118332044084 -5.707343410578423 -9.50617291152974 -15.124096708009766 -19.654826121174548 -17.114722187876357 -13.082196661034642 5.138288101848945 13.304210576259264 14.445256400404112 9.052835906497315 9.973385192331381 11.68994687211521 13.268442276688692 18.531537764017106 21.358445197277195 13.768552121552954 5.34987824300215 2.0694071709542774 0.26348289130769115 -0.8100546858062107 0.17060165639239191 -0.17424764357107325 0.2774574351873617 -1.4210286648661912 -5.601257654645429 -11.437173757998991 -17.752692299466958 -20.16954166584841 -18.449317728354888 -14.51727487814052 4.692104385571663 8.97610342950656 10.667848388252152 10.317472220523937 10.218947712699231 12.552455785403037 14.58120305874457 16.346546730738027 17.101479825658565 15.231700461378573 4.531008197799509 -2.044551968479811 0.09780280515527777 -1.464831641876139 -0.19823837327678448 0.8784476520652598 0.6189230397577877 -1.1470606143085502 -6.379381351435982 -13.675485153110358 -23.486534263190713 -22.685578988118817 -19.791529384979242 -15.896376405239163 4.274015953139898 6.189815451344562 8.598513332644478 10.734610089044583 10.14017863412503 12.681277567148502 16.089476391782696 15.914605785705357 14.818931668043044 11.841376572564691 4.601059533740568 -0.22646496652521858 0.9647231574626538 0.22538619695867762 -0.1465151207473426 -0.7208805172047941 -1.0949161474176317 -3.569949150644587 -8.26138582385365 -14.686009325850828 -23.880271361123736 -25.957825730786276 -22.71825652165141 -17.27975727075216 4.3402205665722215 6.601329223707749 8.77902823589757 8.716643804786493 9.663794025492995 12.889353184382548 17.72186669274584 17.49524883465005 15.601768969252221 11.307289422813064 3.8663503727894595 1.9818035626111385 -0.21435360887394758 1.2092474009359035 -0.46239009251185026 -0.5505894967202146 -0.9113867464279446 -3.6995672830711683 -8.266629128857614 -14.444281362436529 -23.386319670771567 -28.355777551478106 -26.17079512972586 -18.49847077006054 4.624515019536455 9.410960114328986 11.951969548565623 8.059956329817581 10.35476716290998 12.963003628601069 16.568905221755127 17.928996247734478 19.74290655981054 18.099995017210375 3.08919659420589 0.5847642418583932 -0.39128794561966473 0.7623304219994208 1.0846758656416948 0.1261335962974247 -0.9494154783419616 -3.1343866698809104 -7.6928112778897155 -15.087810927022446 -19.85045544711768 -25.84481646519121 -26.095304752028383 -18.97270305401996 4.763270579940295 9.932033536549682 11.720491551915291 6.8797210459794655 9.873798698539847 12.886118602219423 20.86319679291769 19.25696180267929 20.896168169414786 22.314687014067616 8.577029210639427 1.5932019923317098 -0.5507193378461801 0.5679984194710851 0.33361435727022415 0.17719093170463876 0.2568002067190693 -2.8064178774273936 -7.792835554140427 -15.134452173169917 -18.592804083272007 -22.548229934628466 -23.593732048265213 -18.25166323933903 4.843493395750124 8.962862254638418 10.511789997693517 9.171075927552709 10.50305310938748 14.194991985473138 20.839911308279763 18.802725715721333 17.811466997144098 18.615361364129726 9.775042391073901 1.5033830663204928 -1.4355541759369326 0.8525825772944091 -0.06869951828427753 0.3221332924243624 0.10176010430424215 -2.676716940981531 -7.582314859230612 -14.826412878761277 -18.282097549695045 -21.421031954352216 -21.92160708404671 -16.998594907078115 4.9683584768661575 9.68792287498829 12.723897760369802 12.346981426704625 11.317350748040713 14.671374043446185 18.022789741250193 16.988912857748712 15.599458050406286 12.379085728306698 7.3946551483040235 -2.065097710098983 -0.7766405323124472 0.7403083970716059 -0.21453167225304276 -0.2541452350104158 -0.3327816117120374 -2.895040816637417 -7.446477152696179 -14.317659642244589 -22.285115053749134 -23.103874661040276 -21.169657737409263 -15.780085338420582 5.09449322043736 9.955224078391177 12.708632125796761 13.866221286976629 12.609309093828887 12.936892538292666 15.750611591592184 16.25824443960886 15.293772769241027 10.13050224870928 5.883229440585692 -1.9425689906295749 -2.281349029326373 -0.011578380632727557 -0.19006031436911477 -0.6129990472050635 -0.12958754892361346 -2.904485925713586 -7.4755176477938186 -14.92809665314128 -24.598736749680914 -23.411970659571526 -20.026846995312095 -14.489430645166077 5.19446605137795 10.079635231583866 13.06422805147231 13.068312909922657 12.304815057347462 11.875409208618407 14.599262386348515 18.2487464288115 18.551148954949905 12.554744481076288 3.9613116999949054 -0.8968737824695548 -1.038583468561751 0.2937858388970003 -0.3385658812325642 1.2130615508222222 0.25806852680559766 -2.440401994041372 -5.936615285975677 -11.231184654384107 -17.967541771779494 -19.513363078312214 -17.494776544057565 -13.018679774787133 5.187571703505962 9.971392644770685 12.57628224762356 12.054285613581278 12.63017697685104 13.802833375387525 15.095534103386598 18.06335088711046 18.39117715418579 12.707558030655978 4.901509109270666 0.7686357449407716 -0.016160894037130474 -0.16664428449707458 0.5341512846231438 -0.16303859246105518 -0.99665328023936 -2.0687887249086576 -4.566976223806666 -7.731745907238327 -11.99733752005337 -15.509616747454233 -14.92907786336111 -11.529071629693366 4.904775360856129 9.67462729091919 13.439089229889332 11.057967423733054 10.791162916899765 11.683571028252464 12.812989920386345 15.489090275871973 18.088961608208624 12.567327538341639 4.8317766442826455 1.9236729997456308 1.2568490451000869 1.1700301180695805 0.4254455733901504 -0.5344620307497628 -0.7881490888020668 -1.156421644630967 -3.14074438801514 -5.405845692253644 -11.507243872979831 -15.158202401223994 -12.71829743253122 -9.996322776566727 4.486712628915942 7.858148764053592 9.738431380315673 9.42192859160846 8.97489004350818 9.490121912502593 10.397060511652471 11.37962779780342 12.313001494399806 10.203237802069113 6.047243675039079 2.774394746138106 1.3064051244728128 0.9285368678284849 0.12721684967836247 -0.7400761124650529 -1.1000426636583296 -1.5954964598234183 -2.8730032928467617 -5.095188242020051 -10.689879473310963 -12.271467466087612 -10.183201915157134 -8.645497830107564 2.903361207997873 4.6092674395193765 5.033182350653208 5.4529527966443965 5.673239152208893 5.988801858698372 6.353473521839368 6.561691620279901 6.435239861639628 5.629649520808806 4.249935409658903 2.8619933223080807 1.8347334842237149 1.028593214588886 0.36203919592239464 -0.15418217795212183 -0.5892171334140918 -1.1293100078138976 -1.8875581084209916 -3.0186501147393034 -4.543815599124315 -5.3364491880840745 -5.493148166918346 -5.062304383678376 0.9767883036890274 0.9695304325284098 0.8698007590732829 0.7386689194991481 0.6487052599058013 0.6642726974570846 0.7858682756126036 0.9406468949815535 1.0468116625609813 0.9820283626951805 0.7063794527399173 0.29143728005477576 -0.1751464711283647 -0.6516737960840313 -1.095361934600418 -1.4964369439434866 -1.7645929392215642 -1.6833169807789727 -1.250656874018766 -0.6663093844709477 -0.0520290978539072 0.484441120170919 0.8177204098299748 1.3107582778800422 1.4667403097816618 1.9574046255578614 2.483392700368229 1.9304176992675188 1.5324438380177223 0.9835086456229468 0.9732927348937822 1.7502764872628025 2.660940898629447 3.723841164160001 3.329341084954588 1.6003610982405676 0.771519535029583 0.2829961324960273 0.05741673525795296 -0.7765174665540828 -1.5098123593542523 -1.6388228413645796 -0.903757042407551 0.598554821974521 2.239142167456523 2.8912241682039466 2.345387945779747 2.129493213287741 1.5315935469195285 2.2483309579661057 3.98642462597912 3.8965013122561 2.7157017579894203 1.1197177757049792 0.3248462357844466 1.3394415135442816 2.853470384029821 6.067683342668403 5.4536000117652055 1.490353203452258 0.5297051729133946 0.3609736842459278 0.73723535722845 -0.19623333241338942 -1.011484766528917 -1.1989810023116407 -0.7062341822393097 1.342437040105506 3.4523773974238554 3.9895684745887543 2.9866455563694987 2.3659784294265758 1.5888790646929198 1.523792420300399 3.2066912359088033 6.371093130007698 5.087708121522377 2.416183261288293 0.71984556974475 1.8892726782969973 4.676311869322134 7.073159244816709 5.53903000903296 -0.9072905686873939 -0.51565657491254 0.5852623141100384 0.4594719028665428 0.6253840728857654 0.3474888456620936 -2.506244846798259 -0.6828004034068241 2.136853389279582 4.634694200953837 4.053944258644577 3.533962872011807 2.6224610179919234 1.777536885813628 3.0005337216167507 4.203794221794654 6.396818196656115 6.477803191317879 3.6173878649762035 2.0036878827677227 3.1784018631187556 4.091490688868649 1.2511573078365275 2.4758844126948554 -0.06434618214154592 -0.5106732255875664 0.7370168876477163 -0.5509310182966364 -0.9344136903773187 0.2306035756017091 -0.49659969320286773 -0.12267276439185666 2.0465210513313536 5.721627590911507 4.0892873663899945 5.192628642551028 2.9347893779570895 1.8139696709294146 4.147736039446114 8.427668562314352 10.183431902038853 7.6272523915249035 6.018027779890311 1.522702087389404 2.5103524088043994 3.5322572705977837 1.883632646992036 3.28730252460133 1.903370244482677 -0.3329216824711401 0.9180291066400956 0.6097516036237208 0.8609020592218528 0.32060362618441846 1.3493616524423389 1.906371965712917 3.1723532683449496 2.3591369047071105 1.7465357304565252 5.396113685563657 2.925524100120229 1.468205393576122 3.014603080756376 4.574451588814636 4.925076200323083 4.398341965724717 4.042903315457281 0.8273439734711222 2.6882954582894163 4.437618641295196 5.371694108266352 4.07289696948499 0.45007993371454336 0.3847317649503828 -1.0224271527450466 -0.268434555166484 0.8563189775980812 1.1458993454199966 2.037001921016367 4.394055242023307 2.9280394369940526 2.702180517139948 4.043277075441357 4.5105536771597095 2.1672712598548367 0.9830799758564411 0.664225256371705 0.6796297900037618 6.674221208140128 5.556898397768187 3.6620138396070328 1.987562788536823 3.4513576012700242 4.787814616123594 9.07484770149388 7.385275887841473 2.953259719437967 0.604972343517682 -1.1864115518998852 -0.12363532471104208 0.3257101871527288 0.3387319210271258 1.7126557053531835 3.5461138712955065 3.6438833707404523 2.69616170928993 1.870222432364884 1.218792535654908 1.2681396394596967 0.6526592439376476 -0.5547129046560574 -2.1892926292615384 5.820421192883715 -2.9754414309213377 -4.162394227003936 0.28241519247615193 2.8588383150956673 4.172439663458259 9.618163881400855 8.468382244970922 3.7979257305983616 0.19264799189746004 -0.5671460564993083 0.3790664461147122 -0.1439893619378987 0.0012816214340594287 0.4950401311985517 1.7499951486355145 3.37312174592964 1.8859712670508173 1.650290773748743 0.24763860324172468 0.887713762354437 0.3196919662528776 1.0654076143076634 0.719541568822818 -1.2756731354405644 -0.7258627684884236 0.18569507287529116 1.8921190128763976 1.9290813877258413 2.74860800101391 3.742310007391031 3.884237909718662 2.023916366225709 -1.768394170011197 -0.5527959423233034 -0.048604124836923994 0.14079676891527046 -0.22241569236910658 -0.6051787349642495 -1.2252897858753384 -1.65503645218671 -1.1916135852084768 0.41639965055187533 0.4936392706908798 0.6773837488726582 -0.19682619398215012 0.16027722095275962 0.9915535893381227 -1.3601207667005843 1.9546411445722869 3.919728624010547 1.8408544349676588 0.6501645109824391 0.6972349760564429 -0.4240000873708731 -1.4262591492079428 -1.534078885251649 -2.0342592740231433 0.27748652843544896 0.558303967150737 -0.12076628644828014 -0.30236168464124025 -0.36267512957790893 -1.9752241924646392 -4.309603244370241 -3.1416821712555776 2.1713579621240675 1.468749678128934 0.23029197193934456 -0.7606390185694217 -1.206072373719405 -1.7924977245455 -1.9446022954679167 -1.76549568934916 -1.618287268033382 -3.0783671713530443 -0.043115320581877725 1.213249542140869 1.9800303392430276 0.6822828685457697 -1.3087511359520978 -1.5093996899693907 1.0078670854259408 1.4687832769617768 0.7612994738342144 1.1372885506252113 1.3632990291374265 1.038629224953846 0.9792567998494006 3.119882975499286 0.31958551996827 0.2419463697490712 -0.208287566317993 -1.2664623622594116 -2.4742072447850054 -5.1733283805107675 1.4014759835926278 3.416421385315425 4.628319295103607 -4.976169514201754 -1.5845892209830843 0.6113001321205689 -0.6630158027177953 0.6968920172206842 -0.2161498810420354 -0.4213964493163327 -0.5629677615079652 -0.4192165586855515 -1.2415946000032172 -0.43345026924170843 -0.8824296948907199 -1.770260767912426 -0.19554814536573686 2.823628965186712 -0.28881757646971856 -0.5214670663111103 -0.313083472333313 -1.6269338781845364 -2.1607468069212423 -4.647066681932844 1.7946770727271677 -1.689717763745422 1.738998065180265 -7.819427903686983 -3.8665064736261123 6.03401756834518 0.9643213831008609 0.24337910972570787 0.528031053004703 0.38636299312715017 0.19223663972437674 -0.2666665049340023 1.096619132166888 0.8978519393555825 0.0841343613782721 1.5547028601357555 -0.15949005754605342 -0.4956106172851217 1.1149651127422153 0.16447933966963135 -0.18057334199243577 -1.780246020630249 -0.7512467651243212 1.4118465024932902 -3.838569060378818 -7.159840933148674 -7.710590081117538 -6.428324324532461 -2.338971437887348 4.091884411938655 2.285647339687193 -3.527556113299714 -2.018942742025212 0.6361175025064284 0.2183027284804481 1.2726338821617416 0.7637030544569621 1.2285567957011199 0.33298275541868133 1.7950719045174792 -2.1901885390195113 -2.9511143421148076 0.9965215373391964 0.2786423556860122 0.018867471755062246 -1.8536572893754046 -1.7337606875783402 -0.9985885007020328 -3.1588292848269335 -3.969610062056197 -3.990177989341923 -3.3920968131804226 -1.6726711234436902 0.8474441765682117 1.105890331702143 -1.1557530277799444 -1.2569167123649703 -0.8540278785841255 -0.7806085954324931 0.5633709243205647 1.1492138142494464 1.3056412711219383 0.8477370528662607 0.38468020307056205 -1.138910990244135 -1.724369438466306 -0.1639067965208461 -0.2770293104798953 0.1521585379562919 -2.286837661234104 -2.606195030902903 -2.6698197983308463 -2.9994404471716276 -3.3783884423547774 -3.2210146286450763 -2.4652760300337424 -1.4663891882929616 -0.5620646553490485 -0.3780115398879127 -0.833221104277155 -1.0430722005555024 -0.7105765018191318 -0.1291875702067459 0.5079178490710233 0.9365878374643714 1.0385887808566636 0.7775972276202456 0.24500184430502184 -0.2963811324014852 -0.5995529733143309 -0.5951517432775341 -0.3890625127515517 -0.15925556030022314)
(UseCyclicTransform "false")
(UseDirectionCosines "true")

// ResampleInterpolator specific
(FinalBSplineInterpolationOrder 3)
(ResampleInterpolator "FinalBSplineInterpolator")

// Resampler specific
(CompressResultImage "false")
(DefaultPixelValue 0)
(Resampler "DefaultResampler")
(ResultImageFormat "mhd")
(ResultImagePixelType "float")
