(BSplineTransformSplineOrder 3)
(Direction 1 0 0 1)
(FixedImageDimension 2)
(FixedInternalImagePixelType "float")
(GridDirection 1 0 0 1)
(GridIndex 0 0)
(GridOrigin -31.411985596737036 -27.579282839949286)
(GridSize 20 14)
(GridSpacing 20.010009672062303 20.022666894840157)
(HowToCombineTransforms "Compose")
(Index 0 0)
(InitialTransformParametersFileName "output/TransformParameters.0.txt")
(MovingImageDimension 2)
(MovingInternalImagePixelType "float")
(NumberOfParameters 560)
(Origin 0 0)
(Size 329 219)
(Spacing 1 1)
(Transform "BSplineTransform")
(TransformParameters 0.12899337545824033 -0.32677790346913854 -0.8756278161021867 -1.1922591767276955 -0.879020026263258 0.08240580928529075 1.5498015250478725 2.8785437185178706 3.2086344441774504 2.4393301700236525 1.1176307910367955 -0.7938600728803056 -3.199099867975933 -4.948802914396103 -5.467526237449285 -4.591870271280625 -3.402305877855201 -2.302415271546182 -1.4085810361773896 -0.20602660699219397 0.697836465147447 0.33882216400840165 -1.1668043440579845 -3.1570551996298004 -1.0591298369453515 4.0589190885097866 12.892742692115126 20.21906362026622 18.110328217573464 12.585194365934942 7.412862658074585 0.8456723377569452 -7.310407713211534 -15.013030675745282 -21.83333627787096 -22.990491887136113 -19.834994970911797 -15.782392598871043 -9.909302997968165 -1.713837928077642 0.9379353405108217 1.9766608515712847 1.1987682371797639 -3.2435519763864384 0.28757134809209883 7.151757879709759 21.389779780429052 29.938544693103708 23.139642824713057 16.17754740017611 9.452436688408252 1.0783219258380048 -6.418966652954908 -12.853135148388557 -21.87906361607667 -28.297570157622854 -26.78260293325193 -23.628629813239787 -14.720383661126002 -2.5541302262997787 1.0119336955817804 1.8477390342087823 1.4326111540354938 -0.09327267569476837 3.9798983185222134 11.769774780083626 24.097611158753903 32.73836374602096 25.446255982338673 17.805444075720548 8.970437588470224 1.4769615157788758 -6.773214651128532 -14.356135366385672 -20.328258715856037 -26.53365696255154 -27.54382357386131 -23.286068140441888 -15.049597656790445 -2.994893593476847 1.025187906884096 1.7432245459145261 1.4018282094881651 0.5954573128537584 3.628894800289394 11.661217634658955 21.017033307255645 29.241018650408872 24.420039253148207 16.69429545082396 8.666974079113984 0.7178355302128778 -7.928964467622684 -14.324077616765564 -18.688528172077437 -23.419169215460393 -24.81080683052027 -19.390963312574414 -13.265307052788229 -3.1880008044878907 1.1684243102089535 3.301291649885572 2.5420234473132703 -4.008697169072841 -0.8158085562108304 6.74221597186015 14.472203078004576 21.147822084106767 24.29479599239487 15.884142505555548 6.596497519725024 -1.3760567510487074 -7.338930610468315 -13.186361373792922 -18.622462423824587 -23.241048431034734 -23.12926760401218 -20.60257929393181 -14.221125729208417 -3.5463954341883177 1.3128609979168648 4.866343587674414 5.559964815687361 -1.2829877824446825 -2.224216775894313 1.9065998374799895 11.06595975647007 20.66383509383057 21.75415510288525 17.236226019583526 8.136196700605696 0.921174554404365 -7.227386343230503 -14.170516131206865 -19.424878194643384 -24.806096951515848 -23.39442718292976 -21.193145605312857 -14.706924125778196 -3.8113422492439235 1.3617766333636732 5.572135892758417 7.1133725334882705 4.076985181038014 0.74474950244324 3.67101109078275 12.763594942168654 22.809678917739216 20.083972612823334 15.365315117615747 9.895621373447371 0.6368726165612644 -7.702494534061042 -14.134879043243807 -19.854606096665627 -26.282806472404545 -23.49739458598235 -19.747691281965043 -14.47793757807981 -3.694071878764075 1.4604669048419547 7.835401160573065 11.895520745633032 9.194790062974924 6.400702851166454 11.241887629116441 18.873791403048205 30.0990172271051 27.54317108007638 15.588896938008562 8.811289631668227 0.7304023797653726 -6.723200099344413 -13.804909569279284 -19.827875206890063 -25.73505397791677 -24.833435001587745 -20.35726394671115 -14.793448180770532 -3.350640024875079 1.8215485904928437 9.489632944258132 14.590042963040029 10.975427270441198 8.90662612372812 14.401306074595343 23.102940313760715 30.446622151795694 26.490891571064076 16.49920372184244 8.164331784327635 1.4641178391632708 -7.507573772653066 -13.345312479482576 -20.5116904780417 -25.303744589028977 -24.79251296198939 -21.8472225018477 -15.402099135777265 -3.1719156029368123 2.21800316447874 8.693152684602442 11.007162990642689 7.732319507858799 8.130518897585931 17.08799667221591 28.314225371312737 30.762024027578928 24.891663264662117 16.910759835394206 8.404263279955963 0.7266204117704841 -6.639612723485361 -14.09709555889704 -20.827210275845257 -24.50306056725422 -24.56657617342553 -22.714545881201836 -15.214822019512182 -2.979439352179073 2.26128658090107 7.731644008399083 9.148095009341336 3.933957227388644 4.7038730209691035 15.022806118432975 27.20239351627977 28.369645628738898 21.66339691068189 15.87354055612147 8.639775347618842 1.041783023727051 -6.78608412328089 -13.755217786144941 -18.238229538337002 -21.03319570628074 -22.311138169930434 -21.0532943293755 -13.469412099064385 -2.546180652032915 1.7620391446411627 4.625369600861862 4.52115098047537 -0.1290008577360202 1.6154312251981964 9.984840990670703 19.915938208906017 22.5333038418767 17.384150886617235 12.380391278841312 6.882240508996096 0.11614224709746918 -8.07078359950237 -14.152603775472771 -17.42636032968626 -19.045228058593338 -19.27681106916653 -16.5954179104601 -10.331433607051865 -1.875657142422093 0.3687911728373778 0.21533974121148275 -0.6417324133860643 -1.2615966118222282 -0.3952089216101042 1.4869237122153742 3.469052233913144 4.27480602180944 3.4712681061261392 2.405893247272921 0.9983815386587118 -1.138615947877247 -4.055663349949482 -5.791737086585337 -6.157826242674722 -5.772710373205121 -4.8242997035157975 -3.4452004708754167 -2.102123471424559 -0.3364390423259713 0.03935493858584065 -0.35418997507387634 -0.7544823359593136 -1.1553275879202665 -1.3130972596681103 -1.0637755735006098 -0.48137147445251366 0.26453967318157845 0.906217703116154 1.8503752075556246 2.5336390534730064 2.6019525188483144 1.9436863470631076 1.3231613946737197 0.8848898604461811 0.6878532688326503 0.6807727846144074 0.44711202228295904 0.15381354113407153 -0.014901693406101486 0.02125032249183047 -0.8486095046133459 -1.6636511058295755 -2.3499301953950757 -2.206129944381651 -1.3728397938532795 -0.04138674179356513 3.04314422148348 6.565382318525054 7.798504576404182 8.681088860906398 9.151073726318538 7.826640487764802 6.854210269789725 6.211977450655538 6.492611339339606 5.578371312819417 2.727323286818076 0.5845145154917474 -0.37039391792188014 -0.0643878567573992 -0.7165668941529674 -0.8719234185578061 -1.0832569648617667 -1.4212875795530422 -0.42065172237302256 1.382618056174047 6.44338094618048 10.071515968966711 8.872345544226732 8.774422834265751 8.91785949632175 9.16958718626334 10.038162928600888 10.082179660769658 11.818432212413333 7.828402268874426 0.9885763953173149 -0.026968092495944382 -0.6148532211887735 -0.19896962622485612 0.16820128436283086 1.5512192520076584 4.327405846555801 6.325853601999134 5.606772243960662 3.2673915369046487 6.322974290061437 8.610075099205678 5.192573743254074 7.776828970145109 7.195036894209582 7.822563716915106 6.963946532514516 7.266861671608922 7.4202348689563 6.240360399960677 1.2591207065006897 0.8421285659631701 -0.5302283543614967 -0.2556595863491233 1.2392047094017222 4.664823109155575 9.814084616401043 11.475419136974773 6.479534300450589 -0.9893543174604054 -0.060264447066973634 8.912952385966971 6.566517793372404 6.334004877794576 5.81218082890224 5.9745824179127265 3.7480525489901666 2.7427464317989494 2.801553714910584 5.505636636420124 5.324326652518146 2.2844830017211426 -0.30024476534836364 -0.15328778964530712 1.5651650359862497 4.03231272685932 6.490005209895891 5.405824793508107 0.5638738537773458 -5.013989320550015 -4.42302618593731 3.4434542302404685 7.961041086957408 6.37002758641266 6.083823852551581 6.536313628906888 4.735085380258853 2.337876268465703 0.47307753782147155 0.4084497600226695 2.0945158425180552 1.4380923395264915 -0.1898872249054361 0.0029029914639243314 0.6167679900823889 1.763145745802481 1.8599346430622778 -2.0914681961177384 -5.702932010915188 -9.005881085677487 -10.420423201982931 -4.103304287383806 -0.0911029511560171 3.2101254496986336 5.864281449610942 4.803395646293318 3.3201477180745504 2.5703866149865875 2.4759200040343603 1.3119554028292804 -1.8561808190204636 0.3487789401712275 -0.04017023118336808 0.009081001329866745 1.3409939060862293 1.4856823905740413 1.3890247204090762 -3.147297051338928 -6.030859844335052 -6.728928771897911 -5.893326079670148 -0.09755488357647651 1.88201144557488 2.0996655836504883 2.362792673849252 1.8919090992666565 1.6091744866792934 3.158339256834734 4.122106402768222 2.6915011827057898 1.8083239460554763 1.9988749963009045 0.09500203270795343 -0.03688841927530586 2.680396490741743 4.617400366932236 7.445679660854012 7.473499601047282 3.436628261153313 0.3110745726300794 1.660119434129793 3.78546788734116 3.1864262090485274 0.9376629590737062 -0.8691955007451297 -0.24912408255353338 0.12117948710924549 3.1173131545366815 4.900486569208011 3.758805845670202 4.460422364232763 2.1712323268611384 -0.048963261750718204 0.35010018685364447 2.028227777445801 2.242520131921701 6.3332134677463365 7.117391102942647 0.6398908457807639 1.0902902785235515 2.3372784247716805 -0.3054662174448284 -2.270785319588147 -0.055550204531305714 0.5890490345533348 1.6928555655046054 1.5417568189546376 0.2926164472932529 0.23940818663056668 1.6769143516435647 -1.4356230358886268 -1.7483011121870065 -0.6418192456417876 1.2934288470364077 2.0867948885381113 -3.3555812098134776 6.88281724509516 10.628988816191635 -2.5474945848449866 -2.574117934697337 -3.265609774801776 -1.2699316861012575 -1.658840144785522 -1.1860672048750067 -2.296152391160538 -2.3213041710611626 -2.240487050374633 -2.1003555780710013 -0.6679498375299573 -1.6883628779040134 -6.294110739402903 -4.270117460638569 -1.1353767755877426 2.044155708273526 3.2917143513922387 -1.1273987828130836 -9.005363743673046 -11.730739395771337 -14.076706371620691 -2.4343147169928154 -2.316739888079412 -3.636101720236761 -3.2954307106022 -3.047231724272505 -2.255937422726331 -2.2549647189473867 -3.085633086215604 -1.8273378490547214 -4.111976361728345 -3.404628745134103 0.5760606037355829 -1.883192024435179 -1.0762022496111463 1.9933297705202424 -0.2736868217484994 -6.0640328610722065 -22.718218319988903 -27.907373181551606 -15.444157939364866 -2.3909713421587684 2.809520517728315 -0.9307200607246885 -3.9853203957917667 -5.3051462919756895 -6.071343632879594 -7.332357738589233 -9.89486800571038 -11.037052531586925 -13.218290660192991 -3.1388843773752537 4.7396058071395535 1.1034359458034522 -0.4809070151203293 0.5802171455086518 -1.475959901097413 -4.690866401085981 -8.209246086683128 -8.611493212508526 -5.1641046005468665 -1.1819120122395081 1.2791254066885818 1.0527058379532563 -0.2988017980546205 -1.8276513775626089 -3.2291371320431246 -4.694038862131685 -6.7389350411570685 -7.671821657235799 -6.3449626286451934 -1.056812660760982 2.0531066909709335 1.198072804597566 0.08621999452551814)
(UseCyclicTransform "false")
(UseDirectionCosines "true")

// ResampleInterpolator specific
(FinalBSplineInterpolationOrder 3)
(ResampleInterpolator "FinalBSplineInterpolator")

// Resampler specific
(CompressResultImage "false")
(DefaultPixelValue 0)
(Resampler "DefaultResampler")
(ResultImageFormat "nii")
(ResultImagePixelType "float")
