 !FromTopology={TP7}

 !ToTopology={TP1}


 !NewElementMapDefinition
           1        2130
         1.0000000000000000        0.0000000000000000     
        0.49999999999999239       0.50000000000000633     
         0.0000000000000000        1.0000000000000000     

 !NewElementMapDefinition
           2        2139
         0.0000000000000000        0.0000000000000000     
        0.49999999999998973        0.0000000000000000     
         1.0000000000000000        0.0000000000000000     

 !NewElementMapDefinition
           3        2178
         1.0000000000000000        0.0000000000000000     
        0.50000000000000344       0.49999999999999661     
         0.0000000000000000        1.0000000000000000     

 !NewElementMapDefinition
           4        2838
         0.0000000000000000        0.0000000000000000     
        0.50000000000000322        0.0000000000000000     
         1.0000000000000000        0.0000000000000000     

 !NewElementMapDefinition
           5        2842
         0.0000000000000000        0.0000000000000000     
        0.49999999999999917        0.0000000000000000     
         1.0000000000000000        0.0000000000000000     

 !NewElementMapDefinition
           6        8575
         0.0000000000000000        0.0000000000000000     
         0.0000000000000000       0.49999999999999512     
         0.0000000000000000        1.0000000000000000     

 !NewElementMapDefinition
           7        8615
         0.0000000000000000        0.0000000000000000     
        0.50000000000000067        0.0000000000000000     
         1.0000000000000000        0.0000000000000000     

 !NewElementMapDefinition
           8        8778
         0.0000000000000000        0.0000000000000000     
        0.50000000000001110        0.0000000000000000     
         1.0000000000000000        0.0000000000000000     

 !NewElementMapDefinition
           9        8796
         1.0000000000000000        0.0000000000000000     
        0.49999999999999156       0.50000000000000844     
         0.0000000000000000        1.0000000000000000     

 !NewElementMapDefinition
          10        9412
         0.0000000000000000        0.0000000000000000     
        0.50000000000000278        0.0000000000000000     
         1.0000000000000000        0.0000000000000000     

 !NewElementMapDefinition
          11        9462
         0.0000000000000000        0.0000000000000000     
        0.50000000000000500        0.0000000000000000     
         1.0000000000000000        0.0000000000000000     

 !NewElementMapDefinition
          12        9469
         0.0000000000000000        0.0000000000000000     
         0.0000000000000000       0.49999999999999650     
         0.0000000000000000        1.0000000000000000     

 !NewElementMapDefinition
          13       11278
         1.0000000000000000        0.0000000000000000     
        0.50000000000000022       0.49999999999999978     
         0.0000000000000000        1.0000000000000000     

 !NewElementMapDefinition
          14       11283
         0.0000000000000000        0.0000000000000000     
         0.0000000000000000       0.49999999999999761     
         0.0000000000000000        1.0000000000000000     

 !NewElementMapDefinition
          15       11284
         0.0000000000000000        0.0000000000000000     
         0.0000000000000000       0.49999999999999578     
         0.0000000000000000        1.0000000000000000     

 !NewElementMapDefinition
          16       11428
         1.0000000000000000        0.0000000000000000     
        0.49999999999999711       0.49999999999999767     
         0.0000000000000000        1.0000000000000000     

 !NewElementMapDefinition
          17       11438
         0.0000000000000000        0.0000000000000000     
         0.0000000000000000       0.50000000000000078     
         0.0000000000000000        1.0000000000000000     

 !NewElementMapDefinition
          18       34366
         0.0000000000000000        0.0000000000000000     
        0.50000000000000244        0.0000000000000000     
         1.0000000000000000        0.0000000000000000     

 !NewElementMapDefinition
          19       34374
         1.0000000000000000        0.0000000000000000     
        0.49999999999999500       0.50000000000000500     
         0.0000000000000000        1.0000000000000000     

 !NewElementMapDefinition
          20       34376
         0.0000000000000000        0.0000000000000000     
         0.0000000000000000       0.50000000000000688     
         0.0000000000000000        1.0000000000000000     

 !NewElementMapDefinition
          21       34382
         1.0000000000000000        0.0000000000000000     
        0.49999999999999667       0.50000000000000333     
         0.0000000000000000        1.0000000000000000     

 !NewElementMapDefinition
          22       34383
         1.0000000000000000        0.0000000000000000     
        0.50000000000000033       0.49999999999999961     
         0.0000000000000000        1.0000000000000000     

 !NewElementMapDefinition
          23       34400
         1.0000000000000000        0.0000000000000000     
        0.50000000000000555       0.49999999999999445     
         0.0000000000000000        1.0000000000000000     

 !NewElementMapDefinition
          24       34407
         1.0000000000000000        0.0000000000000000     
        0.49999999999999239       0.50000000000000766     
         0.0000000000000000        1.0000000000000000     

 !NewElementMapDefinition
          25       34415
         0.0000000000000000        0.0000000000000000     
         0.0000000000000000       0.50000000000000921     
         0.0000000000000000        1.0000000000000000     

 !NewElementMapDefinition
          26       34416
         0.0000000000000000        0.0000000000000000     
         0.0000000000000000       0.50000000000000289     
         0.0000000000000000        1.0000000000000000     

 !NewElementMapDefinition
          27       34421
         0.0000000000000000        0.0000000000000000     
         0.0000000000000000       0.50000000000000533     
         0.0000000000000000        1.0000000000000000     

 !NewElementMapDefinition
          28       34529
         0.0000000000000000        0.0000000000000000     
        0.49999999999999484        0.0000000000000000     
         1.0000000000000000        0.0000000000000000     

 !NewElementMapDefinition
          29       34533
         1.0000000000000000        0.0000000000000000     
        0.49999999999996947       0.49999999999998956     
         0.0000000000000000        1.0000000000000000     

 !NewElementMapDefinition
          30       34547
         0.0000000000000000        0.0000000000000000     
         0.0000000000000000       0.49999999999999517     
         0.0000000000000000        1.0000000000000000     

 !NewElementMapDefinition
          31       34568
         0.0000000000000000        0.0000000000000000     
         0.0000000000000000       0.49999999999997236     
         0.0000000000000000        1.0000000000000000     

 !NewElementMapDefinition
          32       34571
         1.0000000000000000        0.0000000000000000     
        0.50000000000000855       0.49999999999999145     
         0.0000000000000000        1.0000000000000000     

 !NewElementMapDefinition
          33       34576
         0.0000000000000000        0.0000000000000000     
         0.0000000000000000       0.50000000000000056     
         0.0000000000000000        1.0000000000000000     

 !NewElementMapDefinition
          34       34579
         1.0000000000000000        0.0000000000000000     
        0.50000000000001732       0.49999999999998268     
         0.0000000000000000        1.0000000000000000     

 !NewElementMapDefinition
          35       34585
         1.0000000000000000        0.0000000000000000     
        0.50000000000000067       0.49999999999999933     
         0.0000000000000000        1.0000000000000000     

 !NewElementMapDefinition
          36       35020
         1.0000000000000000        0.0000000000000000     
        0.49999999999997752       0.49999999999998135     
         0.0000000000000000        1.0000000000000000     

 !NewElementMapDefinition
          37       35034
         1.0000000000000000        0.0000000000000000     
        0.50000000000001388       0.49999999999998607     
         0.0000000000000000        1.0000000000000000     

 !NewElementMapDefinition
          38       35035
         1.0000000000000000        0.0000000000000000     
        0.50000000000001543       0.49999999999998457     
         0.0000000000000000        1.0000000000000000     

 !NewElementMapDefinition
          39       35042
         0.0000000000000000        0.0000000000000000     
        0.49999999999999239        0.0000000000000000     
         1.0000000000000000        0.0000000000000000     

 !NewElementMapDefinition
          40       35044
         1.0000000000000000        0.0000000000000000     
        0.50000000000000100       0.49999999999999900     
         0.0000000000000000        1.0000000000000000     

 !NewElementMapDefinition
          41       35046
         0.0000000000000000        0.0000000000000000     
         0.0000000000000000       0.50000000000001155     
         0.0000000000000000        1.0000000000000000     

 !NewElementMapDefinition
          42       35047
         0.0000000000000000        0.0000000000000000     
         0.0000000000000000       0.49999999999999806     
         0.0000000000000000        1.0000000000000000     

 !NewElementMapDefinition
          43       35078
         0.0000000000000000        0.0000000000000000     
         0.0000000000000000       0.49999999999999761     
         0.0000000000000000        1.0000000000000000     

 !NewElementMapDefinition
          44       35080
         1.0000000000000000        0.0000000000000000     
        0.49999999999999795       0.50000000000000211     
         0.0000000000000000        1.0000000000000000     

 !NewElementMapDefinition
          45       35092
         0.0000000000000000        0.0000000000000000     
         0.0000000000000000       0.49999999999998862     
         0.0000000000000000        1.0000000000000000     

 !NewElementMapDefinition
          46       35201
         0.0000000000000000        0.0000000000000000     
         0.0000000000000000       0.49999999999998629     
         0.0000000000000000        1.0000000000000000     

 !NewElementMapDefinition
          47       35202
         0.0000000000000000        0.0000000000000000     
         0.0000000000000000       0.49999999999999484     
         0.0000000000000000        1.0000000000000000     

 !NewElementMapDefinition
          48       35217
         0.0000000000000000        0.0000000000000000     
         0.0000000000000000       0.50000000000000933     
         0.0000000000000000        1.0000000000000000     

 !NewElementMapDefinition
          49       35238
         0.0000000000000000        0.0000000000000000     
         0.0000000000000000       0.49999999999998762     
         0.0000000000000000        1.0000000000000000     

 !NewElementMapDefinition
          50       35241
         0.0000000000000000        0.0000000000000000     
         0.0000000000000000       0.50000000000000622     
         0.0000000000000000        1.0000000000000000     

 !NewElementMapDefinition
          51       35246
         0.0000000000000000        0.0000000000000000     
        0.49999999999998862        0.0000000000000000     
         1.0000000000000000        0.0000000000000000     

 !NewElementMapDefinition
          52       35247
         0.0000000000000000        0.0000000000000000     
        0.50000000000000411        0.0000000000000000     
         1.0000000000000000        0.0000000000000000     

 !NewElementMapDefinition
          53       35248
         0.0000000000000000        0.0000000000000000     
        0.49999999999998773        0.0000000000000000     
         1.0000000000000000        0.0000000000000000     

 !NewElementMapDefinition
          54       37070
         0.0000000000000000        0.0000000000000000     
         0.0000000000000000       0.50000000000000888     
         0.0000000000000000        1.0000000000000000     

 !NewElementMapDefinition
          55       37072
         0.0000000000000000        0.0000000000000000     
         0.0000000000000000       0.49999999999999706     
         0.0000000000000000        1.0000000000000000     

 !NewElementMapDefinition
          56       37081
         0.0000000000000000        0.0000000000000000     
         0.0000000000000000       0.49999999999999833     
         0.0000000000000000        1.0000000000000000     

 !NewElementMapDefinition
          57       37088
         0.0000000000000000        0.0000000000000000     
         0.0000000000000000       0.50000000000000755     
         0.0000000000000000        1.0000000000000000     

 !NewElementMapDefinition
          58       37109
         0.0000000000000000        0.0000000000000000     
         0.0000000000000000       0.49999999999999312     
         0.0000000000000000        1.0000000000000000     

 !NewElementMapDefinition
          59       37112
         0.0000000000000000        0.0000000000000000     
         0.0000000000000000       0.49999999999999928     
         0.0000000000000000        1.0000000000000000     

 !NewElementMapDefinition
          60       37117
         0.0000000000000000        0.0000000000000000     
         0.0000000000000000       0.50000000000000566     
         0.0000000000000000        1.0000000000000000     

 !NewElementMapDefinition
          61       37118
         0.0000000000000000        0.0000000000000000     
         0.0000000000000000       0.49999999999999539     
         0.0000000000000000        1.0000000000000000     

 !NewElementMapDefinition
          62       37120
         0.0000000000000000        0.0000000000000000     
        0.49999999999999484        0.0000000000000000     
         1.0000000000000000        0.0000000000000000     

 !NewElementMapDefinition
          63       37235
         1.0000000000000000        0.0000000000000000     
        0.50000000000000411       0.49999999999999578     
         0.0000000000000000        1.0000000000000000     

 !NewElementMapDefinition
          64       37236
         1.0000000000000000        0.0000000000000000     
        0.49999999999999178       0.50000000000000822     
         0.0000000000000000        1.0000000000000000     

 !NewElementMapDefinition
          65       37242
         0.0000000000000000        0.0000000000000000     
         0.0000000000000000       0.49999999999999817     
         0.0000000000000000        1.0000000000000000     

 !NewElementMapDefinition
          66       37244
         0.0000000000000000        0.0000000000000000     
         0.0000000000000000       0.50000000000000211     
         0.0000000000000000        1.0000000000000000     

 !NewElementMapDefinition
          67       37252
         1.0000000000000000        0.0000000000000000     
        0.50000000000000877       0.49999999999998990     
         0.0000000000000000        1.0000000000000000     

 !NewElementMapDefinition
          68       37277
         1.0000000000000000        0.0000000000000000     
        0.49999999999999956       0.50000000000000044     
         0.0000000000000000        1.0000000000000000     

 !NewElementMapDefinition
          69       37283
         0.0000000000000000        0.0000000000000000     
        0.49999999999999850        0.0000000000000000     
         1.0000000000000000        0.0000000000000000     

 !NewElementMapDefinition
          70       37284
         1.0000000000000000        0.0000000000000000     
        0.49999999999998135       0.49999999999997752     
         0.0000000000000000        1.0000000000000000     

 !NewElementMapDefinition
          71       37292
         1.0000000000000000        0.0000000000000000     
        0.49999999999999889       0.50000000000000111     
         0.0000000000000000        1.0000000000000000     

 !NewElementMapDefinition
          72       37743
         0.0000000000000000        0.0000000000000000     
        0.49999999999999217        0.0000000000000000     
         1.0000000000000000        0.0000000000000000     

 !NewElementMapDefinition
          73       37752
         0.0000000000000000        0.0000000000000000     
         0.0000000000000000       0.50000000000000133     
         0.0000000000000000        1.0000000000000000     

 !NewElementMapDefinition
          74       37757
         0.0000000000000000        0.0000000000000000     
        0.49999999999999473        0.0000000000000000     
         1.0000000000000000        0.0000000000000000     

 !NewElementMapDefinition
          75       37782
         0.0000000000000000        0.0000000000000000     
        0.49999999999999728        0.0000000000000000     
         1.0000000000000000        0.0000000000000000     

 !NewElementMapDefinition
          76       37786
         0.0000000000000000        0.0000000000000000     
        0.49999999999999251        0.0000000000000000     
         1.0000000000000000        0.0000000000000000     

 !NewElementMapDefinition
          77       37793
         1.0000000000000000        0.0000000000000000     
        0.49999999999999978       0.50000000000000022     
         0.0000000000000000        1.0000000000000000     

 !NewElementMapDefinition
          78       37798
         0.0000000000000000        0.0000000000000000     
         0.0000000000000000       0.50000000000000189     
         0.0000000000000000        1.0000000000000000     

 !NewElementMapDefinition
          79       37800
         1.0000000000000000        0.0000000000000000     
        0.49999999999999734       0.50000000000000266     
         0.0000000000000000        1.0000000000000000     

 !NewElementMapDefinition
          80       37910
         0.0000000000000000        0.0000000000000000     
         0.0000000000000000       0.50000000000001121     
         0.0000000000000000        1.0000000000000000     

 !NewElementMapDefinition
          81       37920
         0.0000000000000000        0.0000000000000000     
         0.0000000000000000       0.50000000000000056     
         0.0000000000000000        1.0000000000000000     

 !NewElementMapDefinition
          82       37928
         0.0000000000000000        0.0000000000000000     
        0.50000000000000688        0.0000000000000000     
         1.0000000000000000        0.0000000000000000     

 !NewElementMapDefinition
          83       37959
         0.0000000000000000        0.0000000000000000     
        0.50000000000000211        0.0000000000000000     
         1.0000000000000000        0.0000000000000000     

 !NewElementMapDefinition
          84       37966
         0.0000000000000000        0.0000000000000000     
        0.50000000000000555        0.0000000000000000     
         1.0000000000000000        0.0000000000000000     

 !NewElementMapDefinition
          85       45160
         0.0000000000000000        0.0000000000000000     
        0.49999999999998973        0.0000000000000000     
         1.0000000000000000        0.0000000000000000     

 !NewElementMapDefinition
          86       45161
         0.0000000000000000        0.0000000000000000     
        0.50000000000000333        0.0000000000000000     
         1.0000000000000000        0.0000000000000000     

 !NewElementMapDefinition
          87       45168
         0.0000000000000000        0.0000000000000000     
        0.49999999999999623        0.0000000000000000     
         1.0000000000000000        0.0000000000000000     

 !NewElementMapDefinition
          88       45169
         0.0000000000000000        0.0000000000000000     
        0.49999999999999517        0.0000000000000000     
         1.0000000000000000        0.0000000000000000     

 !NewElementMapDefinition
          89       45176
         0.0000000000000000        0.0000000000000000     
        0.50000000000000400        0.0000000000000000     
         1.0000000000000000        0.0000000000000000     

 !NewElementMapDefinition
          90       45197
         0.0000000000000000        0.0000000000000000     
        0.50000000000000022        0.0000000000000000     
         1.0000000000000000        0.0000000000000000     

 !NewElementMapDefinition
          91       45200
         0.0000000000000000        0.0000000000000000     
        0.49999999999999395        0.0000000000000000     
         1.0000000000000000        0.0000000000000000     

 !NewElementMapDefinition
          92       45211
         0.0000000000000000        0.0000000000000000     
        0.49999999999999756        0.0000000000000000     
         1.0000000000000000        0.0000000000000000     

 !NewElementMapDefinition
          93       45212
         1.0000000000000000        0.0000000000000000     
        0.50000000000000211       0.49999999999999789     
         0.0000000000000000        1.0000000000000000     

 !NewElementMapDefinition
          94       45320
         1.0000000000000000        0.0000000000000000     
        0.49999999999999672       0.50000000000000333     
         0.0000000000000000        1.0000000000000000     

 !NewElementMapDefinition
          95       45331
         1.0000000000000000        0.0000000000000000     
        0.49999999999999761       0.50000000000000233     
         0.0000000000000000        1.0000000000000000     

 !NewElementMapDefinition
          96       45335
         0.0000000000000000        0.0000000000000000     
         0.0000000000000000       0.49999999999999550     
         0.0000000000000000        1.0000000000000000     

 !NewElementMapDefinition
          97       45338
         0.0000000000000000        0.0000000000000000     
         0.0000000000000000       0.50000000000000033     
         0.0000000000000000        1.0000000000000000     

 !NewElementMapDefinition
          98       45363
         0.0000000000000000        0.0000000000000000     
         0.0000000000000000       0.50000000000000244     
         0.0000000000000000        1.0000000000000000     

 !NewElementMapDefinition
          99       45367
         1.0000000000000000        0.0000000000000000     
        0.49999999999999384       0.49999999999999728     
         0.0000000000000000        1.0000000000000000     

 !NewElementMapDefinition
         100       45370
         0.0000000000000000        0.0000000000000000     
        0.49999999999999728        0.0000000000000000     
         1.0000000000000000        0.0000000000000000     

 !NewElementMapDefinition
         101       45372
         1.0000000000000000        0.0000000000000000     
        0.49999999999999484       0.50000000000000511     
         0.0000000000000000        1.0000000000000000     

 !NewElementMapDefinition
         102       45375
         1.0000000000000000        0.0000000000000000     
        0.50000000000000222       0.49999999999999784     
         0.0000000000000000        1.0000000000000000     

 !NewElementMapDefinition
         103       45816
         1.0000000000000000        0.0000000000000000     
        0.50000000000000533       0.49999999999999467     
         0.0000000000000000        1.0000000000000000     

 !NewElementMapDefinition
         104       45823
         1.0000000000000000        0.0000000000000000     
        0.49999999999999750       0.50000000000000244     
         0.0000000000000000        1.0000000000000000     

 !NewElementMapDefinition
         105       45825
         1.0000000000000000        0.0000000000000000     
        0.49999999999999978       0.50000000000000022     
         0.0000000000000000        1.0000000000000000     

 !NewElementMapDefinition
         106       45831
         1.0000000000000000        0.0000000000000000     
        0.50000000000000000       0.49999999999999994     
         0.0000000000000000        1.0000000000000000     

 !NewElementMapDefinition
         107       45832
         1.0000000000000000        0.0000000000000000     
        0.49999999999999845       0.50000000000000155     
         0.0000000000000000        1.0000000000000000     

 !NewElementMapDefinition
         108       45847
         0.0000000000000000        0.0000000000000000     
        0.49999999999999944        0.0000000000000000     
         1.0000000000000000        0.0000000000000000     

 !NewElementMapDefinition
         109       45850
         0.0000000000000000        0.0000000000000000     
        0.49999999999999961        0.0000000000000000     
         1.0000000000000000        0.0000000000000000     
