 !FromTopology={TP5}

 !ToTopology={TP1}


 !NewElementMapDefinition
           1        1373
         1.0000000000000000        0.0000000000000000     
        0.49999999999999123       0.50000000000000877     
         0.0000000000000000        1.0000000000000000     

 !NewElementMapDefinition
           2        1374
         0.0000000000000000        0.0000000000000000     
        0.50000000000000855        0.0000000000000000     
         1.0000000000000000        0.0000000000000000     

 !NewElementMapDefinition
           3        1401
         1.0000000000000000        0.0000000000000000     
        0.49999999999998468       0.50000000000001532     
         0.0000000000000000        1.0000000000000000     

 !NewElementMapDefinition
           4        2962
         1.0000000000000000        0.0000000000000000     
        0.50000000000000122       0.49999999999999878     
         0.0000000000000000        1.0000000000000000     

 !NewElementMapDefinition
           5        3003
         0.0000000000000000        0.0000000000000000     
         0.0000000000000000       0.49999999999999489     
         0.0000000000000000        1.0000000000000000     

 !NewElementMapDefinition
           6        3007
         0.0000000000000000        0.0000000000000000     
        0.50000000000000056        0.0000000000000000     
         1.0000000000000000        0.0000000000000000     

 !NewElementMapDefinition
           7        3009
         0.0000000000000000        0.0000000000000000     
        0.50000000000000022        0.0000000000000000     
         1.0000000000000000        0.0000000000000000     

 !NewElementMapDefinition
           8        3013
         1.0000000000000000        0.0000000000000000     
        0.49999999999999578       0.50000000000000422     
         0.0000000000000000        1.0000000000000000     

 !NewElementMapDefinition
           9        4818
         0.0000000000000000        0.0000000000000000     
        0.49999999999999573        0.0000000000000000     
         1.0000000000000000        0.0000000000000000     

 !NewElementMapDefinition
          10        4861
         0.0000000000000000        0.0000000000000000     
        0.49999999999999578        0.0000000000000000     
         1.0000000000000000        0.0000000000000000     

 !NewElementMapDefinition
          11        4863
         0.0000000000000000        0.0000000000000000     
        0.50000000000000133        0.0000000000000000     
         1.0000000000000000        0.0000000000000000     

 !NewElementMapDefinition
          12        4990
         0.0000000000000000        0.0000000000000000     
         0.0000000000000000       0.49999999999999750     
         0.0000000000000000        1.0000000000000000     

 !NewElementMapDefinition
          13        4992
         0.0000000000000000        0.0000000000000000     
        0.49999999999999983        0.0000000000000000     
         1.0000000000000000        0.0000000000000000     

 !NewElementMapDefinition
          14        5023
         0.0000000000000000        0.0000000000000000     
        0.49999999999999895        0.0000000000000000     
         1.0000000000000000        0.0000000000000000     

 !NewElementMapDefinition
          15        5028
         0.0000000000000000        0.0000000000000000     
        0.50000000000000089        0.0000000000000000     
         1.0000000000000000        0.0000000000000000     

 !NewElementMapDefinition
          16        5495
         0.0000000000000000        0.0000000000000000     
         0.0000000000000000       0.50000000000000377     
         0.0000000000000000        1.0000000000000000     

 !NewElementMapDefinition
          17        5498
         0.0000000000000000        0.0000000000000000     
        0.50000000000000033        0.0000000000000000     
         1.0000000000000000        0.0000000000000000     

 !NewElementMapDefinition
          18        5535
         0.0000000000000000        0.0000000000000000     
        0.50000000000001354        0.0000000000000000     
         1.0000000000000000        0.0000000000000000     

 !NewElementMapDefinition
          19        5536
         0.0000000000000000        0.0000000000000000     
        0.50000000000000433        0.0000000000000000     
         1.0000000000000000        0.0000000000000000     

 !NewElementMapDefinition
          20        5710
         1.0000000000000000        0.0000000000000000     
        0.49999999999999561       0.50000000000000433     
         0.0000000000000000        1.0000000000000000     

 !NewElementMapDefinition
          21       11440
         0.0000000000000000        0.0000000000000000     
        0.49999999999999900        0.0000000000000000     
         1.0000000000000000        0.0000000000000000     

 !NewElementMapDefinition
          22       11443
         0.0000000000000000        0.0000000000000000     
        0.50000000000000067        0.0000000000000000     
         1.0000000000000000        0.0000000000000000     

 !NewElementMapDefinition
          23       11445
         0.0000000000000000        0.0000000000000000     
        0.50000000000000022        0.0000000000000000     
         1.0000000000000000        0.0000000000000000     

 !NewElementMapDefinition
          24       11461
         0.0000000000000000        0.0000000000000000     
        0.50000000000000167        0.0000000000000000     
         1.0000000000000000        0.0000000000000000     

 !NewElementMapDefinition
          25       11462
         0.0000000000000000        0.0000000000000000     
        0.49999999999999872        0.0000000000000000     
         1.0000000000000000        0.0000000000000000     

 !NewElementMapDefinition
          26       11463
         1.0000000000000000        0.0000000000000000     
        0.50000000000000100       0.49999999999999900     
         0.0000000000000000        1.0000000000000000     

 !NewElementMapDefinition
          27       11464
         0.0000000000000000        0.0000000000000000     
         0.0000000000000000       0.50000000000000078     
         0.0000000000000000        1.0000000000000000     

 !NewElementMapDefinition
          28       11470
         0.0000000000000000        0.0000000000000000     
         0.0000000000000000       0.49999999999999822     
         0.0000000000000000        1.0000000000000000     

 !NewElementMapDefinition
          29       11474
         0.0000000000000000        0.0000000000000000     
        0.49999999999999878        0.0000000000000000     
         1.0000000000000000        0.0000000000000000     

 !NewElementMapDefinition
          30       11476
         0.0000000000000000        0.0000000000000000     
        0.49999999999999750        0.0000000000000000     
         1.0000000000000000        0.0000000000000000     

 !NewElementMapDefinition
          31       11905
         0.0000000000000000        0.0000000000000000     
         0.0000000000000000       0.50000000000000100     
         0.0000000000000000        1.0000000000000000     

 !NewElementMapDefinition
          32       11906
         0.0000000000000000        0.0000000000000000     
        0.49999999999999822        0.0000000000000000     
         1.0000000000000000        0.0000000000000000     

 !NewElementMapDefinition
          33       11912
         0.0000000000000000        0.0000000000000000     
         0.0000000000000000       0.50000000000000078     
         0.0000000000000000        1.0000000000000000     

 !NewElementMapDefinition
          34       11919
         0.0000000000000000        0.0000000000000000     
         0.0000000000000000       0.49999999999999889     
         0.0000000000000000        1.0000000000000000     

 !NewElementMapDefinition
          35       11922
         0.0000000000000000        0.0000000000000000     
        0.50000000000000433        0.0000000000000000     
         1.0000000000000000        0.0000000000000000     

 !NewElementMapDefinition
          36       11948
         0.0000000000000000        0.0000000000000000     
        0.49999999999999645        0.0000000000000000     
         1.0000000000000000        0.0000000000000000     

 !NewElementMapDefinition
          37       11951
         0.0000000000000000        0.0000000000000000     
        0.50000000000000466        0.0000000000000000     
         1.0000000000000000        0.0000000000000000     

 !NewElementMapDefinition
          38       11952
         1.0000000000000000        0.0000000000000000     
        0.50000000000000044       0.49999999999999956     
         0.0000000000000000        1.0000000000000000     

 !NewElementMapDefinition
          39       11955
         0.0000000000000000        0.0000000000000000     
         0.0000000000000000       0.50000000000000044     
         0.0000000000000000        1.0000000000000000     

 !NewElementMapDefinition
          40       11964
         0.0000000000000000        0.0000000000000000     
        0.50000000000000000        0.0000000000000000     
         1.0000000000000000        0.0000000000000000     

 !NewElementMapDefinition
          41       12069
         0.0000000000000000        0.0000000000000000     
         0.0000000000000000       0.50000000000000278     
         0.0000000000000000        1.0000000000000000     

 !NewElementMapDefinition
          42       12072
         0.0000000000000000        0.0000000000000000     
        0.49999999999999906        0.0000000000000000     
         1.0000000000000000        0.0000000000000000     

 !NewElementMapDefinition
          43       12075
         0.0000000000000000        0.0000000000000000     
         0.0000000000000000       0.50000000000000477     
         0.0000000000000000        1.0000000000000000     

 !NewElementMapDefinition
          44       12080
         0.0000000000000000        0.0000000000000000     
         0.0000000000000000       0.49999999999999734     
         0.0000000000000000        1.0000000000000000     

 !NewElementMapDefinition
          45       12081
         0.0000000000000000        0.0000000000000000     
         0.0000000000000000       0.49999999999999822     
         0.0000000000000000        1.0000000000000000     

 !NewElementMapDefinition
          46       12084
         0.0000000000000000        0.0000000000000000     
        0.49999999999999944        0.0000000000000000     
         1.0000000000000000        0.0000000000000000     

 !NewElementMapDefinition
          47       12114
         1.0000000000000000        0.0000000000000000     
        0.50000000000000488       0.49999999999999512     
         0.0000000000000000        1.0000000000000000     

 !NewElementMapDefinition
          48       12122
         0.0000000000000000        0.0000000000000000     
         0.0000000000000000       0.49999999999999711     
         0.0000000000000000        1.0000000000000000     

 !NewElementMapDefinition
          49       12125
         0.0000000000000000        0.0000000000000000     
         0.0000000000000000       0.49999999999999967     
         0.0000000000000000        1.0000000000000000     

 !NewElementMapDefinition
          50       19331
         0.0000000000000000        0.0000000000000000     
         0.0000000000000000       0.49999999999999889     
         0.0000000000000000        1.0000000000000000     

 !NewElementMapDefinition
          51       19339
         0.0000000000000000        0.0000000000000000     
        0.49999999999999772        0.0000000000000000     
         1.0000000000000000        0.0000000000000000     

 !NewElementMapDefinition
          52       19344
         0.0000000000000000        0.0000000000000000     
        0.49999999999999606        0.0000000000000000     
         1.0000000000000000        0.0000000000000000     

 !NewElementMapDefinition
          53       19350
         0.0000000000000000        0.0000000000000000     
        0.49999999999999573        0.0000000000000000     
         1.0000000000000000        0.0000000000000000     

 !NewElementMapDefinition
          54       19370
         1.0000000000000000        0.0000000000000000     
        0.49999999999999828       0.50000000000000178     
         0.0000000000000000        1.0000000000000000     

 !NewElementMapDefinition
          55       19374
         1.0000000000000000        0.0000000000000000     
        0.50000000000000033       0.49999999999999967     
         0.0000000000000000        1.0000000000000000     

 !NewElementMapDefinition
          56       19378
         1.0000000000000000        0.0000000000000000     
        0.49999999999999611       0.50000000000000389     
         0.0000000000000000        1.0000000000000000     

 !NewElementMapDefinition
          57       19386
         0.0000000000000000        0.0000000000000000     
         0.0000000000000000       0.49999999999999745     
         0.0000000000000000        1.0000000000000000     

 !NewElementMapDefinition
          58       19498
         0.0000000000000000        0.0000000000000000     
         0.0000000000000000       0.50000000000000389     
         0.0000000000000000        1.0000000000000000     

 !NewElementMapDefinition
          59       19510
         1.0000000000000000        0.0000000000000000     
        0.49999999999999711       0.50000000000000289     
         0.0000000000000000        1.0000000000000000     

 !NewElementMapDefinition
          60       19513
         0.0000000000000000        0.0000000000000000     
         0.0000000000000000       0.49999999999999700     
         0.0000000000000000        1.0000000000000000     

 !NewElementMapDefinition
          61       19541
         0.0000000000000000        0.0000000000000000     
        0.50000000000000333        0.0000000000000000     
         1.0000000000000000        0.0000000000000000     

 !NewElementMapDefinition
          62       19546
         0.0000000000000000        0.0000000000000000     
        0.50000000000000056        0.0000000000000000     
         1.0000000000000000        0.0000000000000000     

 !NewElementMapDefinition
          63       19556
         0.0000000000000000        0.0000000000000000     
        0.50000000000000255        0.0000000000000000     
         1.0000000000000000        0.0000000000000000     

 !NewElementMapDefinition
          64       20003
         0.0000000000000000        0.0000000000000000     
        0.49999999999998995        0.0000000000000000     
         1.0000000000000000        0.0000000000000000     

 !NewElementMapDefinition
          65       20005
         0.0000000000000000        0.0000000000000000     
        0.50000000000000100        0.0000000000000000     
         1.0000000000000000        0.0000000000000000     

 !NewElementMapDefinition
          66       20017
         0.0000000000000000        0.0000000000000000     
         0.0000000000000000       0.50000000000000155     
         0.0000000000000000        1.0000000000000000     

 !NewElementMapDefinition
          67       20018
         0.0000000000000000        0.0000000000000000     
         0.0000000000000000       0.49999999999999556     
         0.0000000000000000        1.0000000000000000     

 !NewElementMapDefinition
          68       20052
         0.0000000000000000        0.0000000000000000     
         0.0000000000000000       0.50000000000000544     
         0.0000000000000000        1.0000000000000000     

 !NewElementMapDefinition
          69       20053
         0.0000000000000000        0.0000000000000000     
         0.0000000000000000       0.50000000000000333     
         0.0000000000000000        1.0000000000000000     

 !NewElementMapDefinition
          70       20059
         1.0000000000000000        0.0000000000000000     
        0.49999999999999445       0.50000000000000555     
         0.0000000000000000        1.0000000000000000     

 !NewElementMapDefinition
          71       20167
         0.0000000000000000        0.0000000000000000     
         0.0000000000000000       0.50000000000000022     
         0.0000000000000000        1.0000000000000000     

 !NewElementMapDefinition
          72       20169
         0.0000000000000000        0.0000000000000000     
        0.49999999999999639        0.0000000000000000     
         1.0000000000000000        0.0000000000000000     

 !NewElementMapDefinition
          73       20176
         1.0000000000000000        0.0000000000000000     
        0.49999999999999434       0.50000000000000566     
         0.0000000000000000        1.0000000000000000     

 !NewElementMapDefinition
          74       20181
         0.0000000000000000        0.0000000000000000     
        0.50000000000000577        0.0000000000000000     
         1.0000000000000000        0.0000000000000000     

 !NewElementMapDefinition
          75       20182
         0.0000000000000000        0.0000000000000000     
        0.50000000000000278        0.0000000000000000     
         1.0000000000000000        0.0000000000000000     

 !NewElementMapDefinition
          76       20209
         1.0000000000000000        0.0000000000000000     
        0.50000000000000322       0.49999999999999678     
         0.0000000000000000        1.0000000000000000     

 !NewElementMapDefinition
          77       20216
         0.0000000000000000        0.0000000000000000     
        0.49999999999999944        0.0000000000000000     
         1.0000000000000000        0.0000000000000000     

 !NewElementMapDefinition
          78       20217
         0.0000000000000000        0.0000000000000000     
         0.0000000000000000       0.49999999999999845     
         0.0000000000000000        1.0000000000000000     

 !NewElementMapDefinition
          79       20221
         0.0000000000000000        0.0000000000000000     
        0.50000000000000122        0.0000000000000000     
         1.0000000000000000        0.0000000000000000     

 !NewElementMapDefinition
          80       20223
         0.0000000000000000        0.0000000000000000     
        0.50000000000000400        0.0000000000000000     
         1.0000000000000000        0.0000000000000000     

 !NewElementMapDefinition
          81       22043
         0.0000000000000000        0.0000000000000000     
         0.0000000000000000       0.50000000000000810     
         0.0000000000000000        1.0000000000000000     

 !NewElementMapDefinition
          82       22052
         0.0000000000000000        0.0000000000000000     
         0.0000000000000000       0.49999999999998712     
         0.0000000000000000        1.0000000000000000     

 !NewElementMapDefinition
          83       22053
         1.0000000000000000        0.0000000000000000     
        0.49999999999999883       0.50000000000000111     
         0.0000000000000000        1.0000000000000000     

 !NewElementMapDefinition
          84       22081
         0.0000000000000000        0.0000000000000000     
         0.0000000000000000       0.49999999999998901     
         0.0000000000000000        1.0000000000000000     

 !NewElementMapDefinition
          85       22085
         0.0000000000000000        0.0000000000000000     
        0.49999999999999312        0.0000000000000000     
         1.0000000000000000        0.0000000000000000     

 !NewElementMapDefinition
          86       22093
         0.0000000000000000        0.0000000000000000     
        0.49999999999999856        0.0000000000000000     
         1.0000000000000000        0.0000000000000000     

 !NewElementMapDefinition
          87       22202
         0.0000000000000000        0.0000000000000000     
        0.49999999999999312        0.0000000000000000     
         1.0000000000000000        0.0000000000000000     

 !NewElementMapDefinition
          88       22209
         0.0000000000000000        0.0000000000000000     
        0.49999999999998690        0.0000000000000000     
         1.0000000000000000        0.0000000000000000     

 !NewElementMapDefinition
          89       22218
         0.0000000000000000        0.0000000000000000     
        0.50000000000001177        0.0000000000000000     
         1.0000000000000000        0.0000000000000000     

 !NewElementMapDefinition
          90       22219
         0.0000000000000000        0.0000000000000000     
        0.50000000000001732        0.0000000000000000     
         1.0000000000000000        0.0000000000000000     

 !NewElementMapDefinition
          91       22221
         0.0000000000000000        0.0000000000000000     
        0.50000000000001288        0.0000000000000000     
         1.0000000000000000        0.0000000000000000     

 !NewElementMapDefinition
          92       22239
         1.0000000000000000        0.0000000000000000     
        0.49999999999999978       0.50000000000000022     
         0.0000000000000000        1.0000000000000000     

 !NewElementMapDefinition
          93       22247
         1.0000000000000000        0.0000000000000000     
        0.50000000000000921       0.49999999999999079     
         0.0000000000000000        1.0000000000000000     

 !NewElementMapDefinition
          94       22256
         0.0000000000000000        0.0000000000000000     
        0.50000000000000056        0.0000000000000000     
         1.0000000000000000        0.0000000000000000     

 !NewElementMapDefinition
          95       22704
         0.0000000000000000        0.0000000000000000     
        0.49999999999999795        0.0000000000000000     
         1.0000000000000000        0.0000000000000000     

 !NewElementMapDefinition
          96       22707
         0.0000000000000000        0.0000000000000000     
        0.50000000000001321        0.0000000000000000     
         1.0000000000000000        0.0000000000000000     

 !NewElementMapDefinition
          97       22710
         1.0000000000000000        0.0000000000000000     
        0.49999999999999833       0.50000000000000167     
         0.0000000000000000        1.0000000000000000     

 !NewElementMapDefinition
          98       22717
         0.0000000000000000        0.0000000000000000     
        0.50000000000000711        0.0000000000000000     
         1.0000000000000000        0.0000000000000000     

 !NewElementMapDefinition
          99       22722
         0.0000000000000000        0.0000000000000000     
        0.50000000000001232        0.0000000000000000     
         1.0000000000000000        0.0000000000000000     

 !NewElementMapDefinition
         100       22723
         0.0000000000000000        0.0000000000000000     
         0.0000000000000000       0.49999999999998029     
         0.0000000000000000        1.0000000000000000     

 !NewElementMapDefinition
         101       22751
         0.0000000000000000        0.0000000000000000     
         0.0000000000000000       0.50000000000000422     
         0.0000000000000000        1.0000000000000000     

 !NewElementMapDefinition
         102       22754
         0.0000000000000000        0.0000000000000000     
         0.0000000000000000       0.50000000000000799     
         0.0000000000000000        1.0000000000000000     

 !NewElementMapDefinition
         103       22755
         0.0000000000000000        0.0000000000000000     
         0.0000000000000000       0.49999999999999611     
         0.0000000000000000        1.0000000000000000     

 !NewElementMapDefinition
         104       22760
         0.0000000000000000        0.0000000000000000     
         0.0000000000000000       0.50000000000000655     
         0.0000000000000000        1.0000000000000000     

 !NewElementMapDefinition
         105       22761
         0.0000000000000000        0.0000000000000000     
         0.0000000000000000       0.49999999999999201     
         0.0000000000000000        1.0000000000000000     

 !NewElementMapDefinition
         106       22763
         0.0000000000000000        0.0000000000000000     
        0.50000000000000133        0.0000000000000000     
         1.0000000000000000        0.0000000000000000     

 !NewElementMapDefinition
         107       22869
         1.0000000000000000        0.0000000000000000     
        0.49999999999999495       0.50000000000000511     
         0.0000000000000000        1.0000000000000000     

 !NewElementMapDefinition
         108       22874
         0.0000000000000000        0.0000000000000000     
         0.0000000000000000       0.49999999999998657     
         0.0000000000000000        1.0000000000000000     

 !NewElementMapDefinition
         109       22880
         0.0000000000000000        0.0000000000000000     
         0.0000000000000000       0.50000000000001121     
         0.0000000000000000        1.0000000000000000     

 !NewElementMapDefinition
         110       22881
         0.0000000000000000        0.0000000000000000     
         0.0000000000000000       0.50000000000000222     
         0.0000000000000000        1.0000000000000000     

 !NewElementMapDefinition
         111       22883
         0.0000000000000000        0.0000000000000000     
         0.0000000000000000       0.50000000000000167     
         0.0000000000000000        1.0000000000000000     

 !NewElementMapDefinition
         112       22885
         0.0000000000000000        0.0000000000000000     
        0.50000000000000366        0.0000000000000000     
         1.0000000000000000        0.0000000000000000     

 !NewElementMapDefinition
         113       22908
         0.0000000000000000        0.0000000000000000     
         0.0000000000000000       0.50000000000001643     
         0.0000000000000000        1.0000000000000000     

 !NewElementMapDefinition
         114       22909
         0.0000000000000000        0.0000000000000000     
        0.49999999999999095        0.0000000000000000     
         1.0000000000000000        0.0000000000000000     

 !NewElementMapDefinition
         115       22911
         0.0000000000000000        0.0000000000000000     
        0.49999999999999617        0.0000000000000000     
         1.0000000000000000        0.0000000000000000     

 !NewElementMapDefinition
         116       22912
         1.0000000000000000        0.0000000000000000     
        0.50000000000000899       0.49999999999999095     
         0.0000000000000000        1.0000000000000000     

 !NewElementMapDefinition
         117       22916
         0.0000000000000000        0.0000000000000000     
        0.50000000000000322        0.0000000000000000     
         1.0000000000000000        0.0000000000000000     

 !NewElementMapDefinition
         118       22921
         0.0000000000000000        0.0000000000000000     
        0.49999999999999933        0.0000000000000000     
         1.0000000000000000        0.0000000000000000     
