1.460000000000000000e+02 1.439306056517985155e+02
1.820000000000000000e+02 1.756664348520035333e+02
1.560000000000000000e+02 1.533252511071477500e+02
1.030000000000000000e+02 1.064913310465317124e+02
1.120000000000000000e+02 1.147834225814231957e+02
1.710000000000000000e+02 1.701475144850459174e+02
4.800000000000000000e+01 5.504213197787328227e+01
1.200000000000000000e+02 1.211554839700750108e+02
1.160000000000000000e+02 1.179368672303439212e+02
4.300000000000000000e+01 4.324148130252697797e+01
6.400000000000000000e+01 7.344315617437941057e+01
1.470000000000000000e+02 1.469453700158910010e+02
7.200000000000000000e+01 7.985510071287205847e+01
9.300000000000000000e+01 9.781859651739638650e+01
7.800000000000000000e+01 8.366466419691153078e+01
2.100000000000000000e+02 2.041178380063003033e+02
1.700000000000000000e+02 1.689470879253096314e+02
1.330000000000000000e+02 1.319384788786324236e+02
9.300000000000000000e+01 9.826764538275565997e+01
1.790000000000000000e+02 1.691921547443216696e+02
1.220000000000000000e+02 1.234659807144007146e+02
7.400000000000000000e+01 7.958885154707637355e+01
1.770000000000000000e+02 1.655205557956899725e+02
4.900000000000000000e+01 5.604099349310612155e+01
1.550000000000000000e+02 1.503880432544674761e+02
6.300000000000000000e+01 7.218545552676164334e+01
1.620000000000000000e+02 1.546031562280738569e+02
1.740000000000000000e+02 1.718009147225516244e+02
6.400000000000000000e+01 6.530590618788851032e+01
1.270000000000000000e+02 1.275044194773336983e+02
1.510000000000000000e+02 1.483009772034923230e+02
4.700000000000000000e+01 5.398697356178435314e+01
1.440000000000000000e+02 1.414426856977823945e+02
5.300000000000000000e+01 6.029380277154506729e+01
7.500000000000000000e+01 8.002211097570540232e+01
1.490000000000000000e+02 1.437150623232155340e+02
1.000000000000000000e+02 1.045255557566813422e+02
1.420000000000000000e+02 1.392181863902965802e+02
9.400000000000000000e+01 9.379801830124019091e+01
1.020000000000000000e+02 1.048789058731487955e+02
1.000000000000000000e+02 1.016430658806533671e+02
1.530000000000000000e+02 1.488470634636258012e+02
1.270000000000000000e+02 1.235791067749895404e+02
1.600000000000000000e+02 1.543563625038083842e+02
8.900000000000000000e+01 9.052289883769901735e+01
1.350000000000000000e+02 1.347075252057948944e+02
1.600000000000000000e+02 1.565135654117732713e+02
6.400000000000000000e+01 6.704417171814617404e+01
1.210000000000000000e+02 1.217845150014337889e+02
8.300000000000000000e+01 8.794429762099659342e+01
4.100000000000000000e+01 4.364734998668049570e+01
1.930000000000000000e+02 1.827208067132961844e+02
1.510000000000000000e+02 1.474060584993643204e+02
1.410000000000000000e+02 1.387110064472844044e+02
1.530000000000000000e+02 1.523120223486873783e+02
7.100000000000000000e+01 7.728182298387088167e+01
1.070000000000000000e+02 1.094333967062827497e+02
7.800000000000000000e+01 8.526325048303309018e+01
1.350000000000000000e+02 1.343355265225186770e+02
1.370000000000000000e+02 1.328428878757489144e+02
6.500000000000000000e+01 6.502639428669449728e+01
1.710000000000000000e+02 1.641822538850831279e+02
6.400000000000000000e+01 7.103528503207068923e+01
8.000000000000000000e+01 8.189752615210022668e+01
7.600000000000000000e+01 8.384546801677605288e+01
1.600000000000000000e+02 1.558515107155592148e+02
1.040000000000000000e+02 1.038489652489787716e+02
1.050000000000000000e+02 1.044574915486136462e+02
4.800000000000000000e+01 4.917657263345815011e+01
1.930000000000000000e+02 1.823320414527146056e+02
1.000000000000000000e+02 1.005678029501628714e+02
2.110000000000000000e+02 2.080700981103955485e+02
1.790000000000000000e+02 1.710201110490031340e+02
9.700000000000000000e+01 9.724436880789490090e+01
1.770000000000000000e+02 1.661065458518056062e+02
1.280000000000000000e+02 1.276533261039953544e+02
1.550000000000000000e+02 1.529425558177324547e+02
8.800000000000000000e+01 9.244997147108996671e+01
1.790000000000000000e+02 1.764886281468130278e+02
8.200000000000000000e+01 8.885024733045682410e+01
1.780000000000000000e+02 1.674968358152883070e+02
5.500000000000000000e+01 6.152051356263730497e+01
1.910000000000000000e+02 1.906194699898474028e+02
1.780000000000000000e+02 1.686850175398326712e+02
1.920000000000000000e+02 1.906159738900308014e+02
7.900000000000000000e+01 8.551344261752490183e+01
1.490000000000000000e+02 1.459057782281913092e+02
1.770000000000000000e+02 1.733065298575280622e+02
9.500000000000000000e+01 9.852458020994757248e+01
1.670000000000000000e+02 1.610688738958654653e+02
1.120000000000000000e+02 1.144806254810151245e+02
1.790000000000000000e+02 1.687300938838654076e+02
2.030000000000000000e+02 1.969187726308450408e+02
5.000000000000000000e+01 5.662276553475275165e+01
1.070000000000000000e+02 1.088207933830419734e+02
7.000000000000000000e+01 7.821532362090303536e+01
5.600000000000000000e+01 5.593468328689087343e+01
1.350000000000000000e+02 1.334913286530447749e+02
1.440000000000000000e+02 1.388943931410554171e+02
1.320000000000000000e+02 1.292338707181199027e+02
1.130000000000000000e+02 1.149231360353198568e+02
1.020000000000000000e+02 1.046152799943249363e+02
1.760000000000000000e+02 1.688437640255915539e+02
9.900000000000000000e+01 9.855889178114242100e+01
9.600000000000000000e+01 9.735463408387174411e+01
1.110000000000000000e+02 1.139016547366130681e+02
1.110000000000000000e+02 1.113288351401708383e+02
7.500000000000000000e+01 7.552382905567074545e+01
9.400000000000000000e+01 9.543241146752052373e+01
1.790000000000000000e+02 1.757006321695114650e+02
1.720000000000000000e+02 1.645727627126708796e+02
5.600000000000000000e+01 5.808768841205814226e+01
2.160000000000000000e+02 2.115411698540849841e+02
1.160000000000000000e+02 1.135509290065821943e+02
9.500000000000000000e+01 9.730201345788613310e+01
1.450000000000000000e+02 1.402708195139137217e+02
1.160000000000000000e+02 1.171669207249129840e+02
1.170000000000000000e+02 1.187671828491928210e+02
6.900000000000000000e+01 7.151006645320089206e+01
1.770000000000000000e+02 1.686607860646806216e+02
1.740000000000000000e+02 1.634106845062439390e+02
1.450000000000000000e+02 1.425383102930984478e+02
7.400000000000000000e+01 7.639385788155597368e+01
5.000000000000000000e+01 5.421696672404380024e+01
1.460000000000000000e+02 1.438958020023357278e+02
8.700000000000000000e+01 8.807641119226668991e+01
7.500000000000000000e+01 8.192411613168403051e+01
1.790000000000000000e+02 1.704958137011770134e+02
1.020000000000000000e+02 1.020121649140251634e+02
1.440000000000000000e+02 1.426563708187106272e+02
9.300000000000000000e+01 9.306912540001411571e+01
1.900000000000000000e+02 1.827101901605579997e+02
8.500000000000000000e+01 8.586348165735134330e+01
1.250000000000000000e+02 1.257326089792944117e+02
1.840000000000000000e+02 1.748925257884742166e+02
5.300000000000000000e+01 5.332634764173016606e+01
7.300000000000000000e+01 8.122627579207298254e+01
5.500000000000000000e+01 6.490556509724225975e+01
1.800000000000000000e+02 1.703802805575988657e+02
8.800000000000000000e+01 9.232401256058980721e+01
7.000000000000000000e+01 7.130125789796214519e+01
7.500000000000000000e+01 7.508285582218579179e+01
1.080000000000000000e+02 1.076581594001451236e+02
1.750000000000000000e+02 1.671462382206095469e+02
1.080000000000000000e+02 1.103177290471934384e+02
1.680000000000000000e+02 1.634071920601298586e+02
1.490000000000000000e+02 1.449418476776870364e+02
8.300000000000000000e+01 8.315127669710149405e+01
1.030000000000000000e+02 1.044748928774106531e+02
1.770000000000000000e+02 1.661991192849529853e+02
3.400000000000000000e+01 3.578061334125568038e+01
5.600000000000000000e+01 6.213796706019499538e+01
8.700000000000000000e+01 9.279263184243160367e+01
1.820000000000000000e+02 1.704416465488965855e+02
1.130000000000000000e+02 1.152986669488073659e+02
2.120000000000000000e+02 2.070672678730475127e+02
1.140000000000000000e+02 1.148859394850755109e+02
9.700000000000000000e+01 9.924348433482927589e+01
1.390000000000000000e+02 1.366672633106578587e+02
1.970000000000000000e+02 1.962838645050304365e+02
5.500000000000000000e+01 6.148998887119300605e+01
1.260000000000000000e+02 1.250744483039398034e+02
1.860000000000000000e+02 1.818485825465210439e+02
7.000000000000000000e+01 7.014325795588321455e+01
7.000000000000000000e+01 7.035006556244404408e+01
1.990000000000000000e+02 1.872562131135594257e+02
1.790000000000000000e+02 1.706041376300273100e+02
1.080000000000000000e+02 1.102616435293628285e+02
8.800000000000000000e+01 8.803795529946303589e+01
4.900000000000000000e+01 4.898377157109587898e+01
1.440000000000000000e+02 1.409932706669103197e+02
8.500000000000000000e+01 9.145513823641823592e+01
1.240000000000000000e+02 1.244883909276129970e+02
1.530000000000000000e+02 1.459761980849516476e+02
1.660000000000000000e+02 1.596430522650140915e+02
1.120000000000000000e+02 1.137551696656746856e+02
6.000000000000000000e+01 6.736301165610758801e+01
1.790000000000000000e+02 1.719957647747259841e+02
1.880000000000000000e+02 1.757132547778033143e+02
1.790000000000000000e+02 1.713441298270780067e+02
8.500000000000000000e+01 8.856646996106869096e+01
1.870000000000000000e+02 1.772280982432165501e+02
7.900000000000000000e+01 8.648659123244546265e+01
6.200000000000000000e+01 6.655202865269100698e+01
9.100000000000000000e+01 9.632571507511097764e+01
1.030000000000000000e+02 1.041829737083197926e+02
6.800000000000000000e+01 7.700443257464746694e+01
7.300000000000000000e+01 7.867321614006121422e+01
6.700000000000000000e+01 7.349529186888075571e+01
1.210000000000000000e+02 1.207118442813435877e+02
1.010000000000000000e+02 1.010090933418350119e+02
1.090000000000000000e+02 1.085392767441870348e+02
1.110000000000000000e+02 1.137098511388018238e+02
4.900000000000000000e+01 4.914797428203550567e+01
1.660000000000000000e+02 1.598682205121136803e+02
1.920000000000000000e+02 1.784214358472919741e+02
1.640000000000000000e+02 1.582025621506713264e+02
6.100000000000000000e+01 6.762756387555958781e+01
1.150000000000000000e+02 1.169733961132590139e+02
1.380000000000000000e+02 1.365141636814890944e+02
9.300000000000000000e+01 9.819052502688506934e+01
7.600000000000000000e+01 7.854112245852272167e+01
1.750000000000000000e+02 1.678652016474221966e+02
1.430000000000000000e+02 1.380098732484811137e+02
6.400000000000000000e+01 7.111256314686636415e+01
1.230000000000000000e+02 1.237073889812750167e+02
1.050000000000000000e+02 1.040057882396279609e+02
1.230000000000000000e+02 1.208453221274077691e+02
1.370000000000000000e+02 1.357451780763663010e+02
1.470000000000000000e+02 1.422818586757616970e+02
1.510000000000000000e+02 1.444185554807740459e+02
1.350000000000000000e+02 1.311979020843388071e+02
7.000000000000000000e+01 7.445361423031773995e+01
1.780000000000000000e+02 1.666483226615401350e+02
1.550000000000000000e+02 1.540541551700158607e+02
1.570000000000000000e+02 1.531487335672175050e+02
9.900000000000000000e+01 1.028748733700039821e+02
9.300000000000000000e+01 9.315750535137253507e+01
1.700000000000000000e+02 1.596696778123379090e+02
1.560000000000000000e+02 1.517989650437083924e+02
1.690000000000000000e+02 1.634754796002876560e+02
1.330000000000000000e+02 1.324272568307568179e+02
1.540000000000000000e+02 1.502933798670659939e+02
1.740000000000000000e+02 1.654617470399217609e+02
1.500000000000000000e+02 1.440535375506270839e+02
1.030000000000000000e+02 1.037453532007520920e+02
1.980000000000000000e+02 1.950525479494978072e+02
1.780000000000000000e+02 1.721517023348473572e+02
8.700000000000000000e+01 8.766066740934761015e+01
2.070000000000000000e+02 2.050610132266669154e+02
8.000000000000000000e+01 8.538498769604436234e+01
1.510000000000000000e+02 1.479921108468245734e+02
1.300000000000000000e+02 1.298011449380729232e+02
1.980000000000000000e+02 1.890669083057084094e+02
8.000000000000000000e+01 8.005210612395858050e+01
1.800000000000000000e+02 1.715558149963081291e+02
1.640000000000000000e+02 1.571055540191854902e+02
5.900000000000000000e+01 5.993773432657273048e+01
1.870000000000000000e+02 1.739948178243966765e+02
1.670000000000000000e+02 1.594361103829563433e+02
1.980000000000000000e+02 1.921605474028659160e+02
7.100000000000000000e+01 7.511533903029754811e+01
1.320000000000000000e+02 1.320371050737861083e+02
1.680000000000000000e+02 1.630020521153928144e+02
1.770000000000000000e+02 1.741618378134857892e+02
1.900000000000000000e+02 1.815217298680136651e+02
1.420000000000000000e+02 1.415598880364282195e+02
1.420000000000000000e+02 1.402063923516256239e+02
9.300000000000000000e+01 9.549909510666628876e+01
1.510000000000000000e+02 1.473371073242593070e+02
1.660000000000000000e+02 1.634147426295959633e+02
1.950000000000000000e+02 1.852108021466177661e+02
1.310000000000000000e+02 1.302316312517381789e+02
1.440000000000000000e+02 1.433901277817637094e+02
1.710000000000000000e+02 1.694786394310530113e+02
1.590000000000000000e+02 1.545639448834041048e+02
2.130000000000000000e+02 2.110876948830404842e+02
1.070000000000000000e+02 1.067994394827541385e+02
1.970000000000000000e+02 1.925420865003634958e+02
1.640000000000000000e+02 1.559219526818128543e+02
1.160000000000000000e+02 1.159127493328010274e+02
1.350000000000000000e+02 1.312530562190106593e+02
1.210000000000000000e+02 1.222638568975679050e+02
7.800000000000000000e+01 7.924554377709097253e+01
1.850000000000000000e+02 1.754422495952046290e+02
5.100000000000000000e+01 5.597522312400603539e+01
5.600000000000000000e+01 6.145699989107539807e+01
1.340000000000000000e+02 1.329723740863119588e+02
1.510000000000000000e+02 1.450120845133230318e+02
1.240000000000000000e+02 1.245781996501495712e+02
1.380000000000000000e+02 1.377807578579246695e+02
1.060000000000000000e+02 1.091282934355829326e+02
1.200000000000000000e+02 1.194195574636190287e+02
1.480000000000000000e+02 1.444056868732445196e+02
1.810000000000000000e+02 1.794447520581115612e+02
1.570000000000000000e+02 1.491966964384423306e+02
1.550000000000000000e+02 1.499023241739964476e+02
5.800000000000000000e+01 5.805071522356079328e+01
6.300000000000000000e+01 6.840336165314158734e+01
1.190000000000000000e+02 1.203756296163657282e+02
7.300000000000000000e+01 7.902526175631699346e+01
1.830000000000000000e+02 1.740749742341324691e+02
1.370000000000000000e+02 1.332095202862355166e+02
9.300000000000000000e+01 9.363455676908830583e+01
1.550000000000000000e+02 1.511063788836661956e+02
1.320000000000000000e+02 1.320239969991596922e+02
9.700000000000000000e+01 9.739688312880792864e+01
4.100000000000000000e+01 4.170515284218965490e+01
1.740000000000000000e+02 1.644647146330612770e+02
8.400000000000000000e+01 9.050586214599681512e+01
1.500000000000000000e+02 1.447595174248038745e+02
4.500000000000000000e+01 5.175890236422929291e+01
1.670000000000000000e+02 1.593522813758945915e+02
1.730000000000000000e+02 1.660398437092547397e+02
9.800000000000000000e+01 9.898914212431505177e+01
1.860000000000000000e+02 1.831026158152806431e+02
9.900000000000000000e+01 9.894303780411004823e+01
1.700000000000000000e+02 1.602475572489369142e+02
1.610000000000000000e+02 1.531180884451129884e+02
1.600000000000000000e+02 1.551526536592795082e+02
1.330000000000000000e+02 1.328475309790989911e+02
9.300000000000000000e+01 9.603555452341227294e+01
9.100000000000000000e+01 9.491979950312796177e+01
1.130000000000000000e+02 1.115740833664931984e+02
1.330000000000000000e+02 1.330824094651825362e+02
4.800000000000000000e+01 5.376257575991078852e+01
7.200000000000000000e+01 7.898881316539304009e+01
1.340000000000000000e+02 1.325914779327492568e+02
9.100000000000000000e+01 9.379964249394416242e+01
1.870000000000000000e+02 1.758262173766602814e+02
1.060000000000000000e+02 1.095306854129732130e+02
5.600000000000000000e+01 6.219777376150751991e+01
1.900000000000000000e+02 1.818845555401353806e+02
1.390000000000000000e+02 1.367872398607479738e+02
9.500000000000000000e+01 9.898248445543990215e+01
1.520000000000000000e+02 1.479459730448233188e+02
1.120000000000000000e+02 1.110950062932541300e+02
1.640000000000000000e+02 1.636608535504841484e+02
6.800000000000000000e+01 6.960411131583404654e+01
3.500000000000000000e+01 3.772481268932796894e+01
1.100000000000000000e+02 1.129446895586625601e+02
1.210000000000000000e+02 1.185111049736664626e+02
1.850000000000000000e+02 1.749022621714684931e+02
1.180000000000000000e+02 1.197917081894476325e+02
4.700000000000000000e+01 5.429343116845844008e+01
1.540000000000000000e+02 1.528012595801434372e+02
1.980000000000000000e+02 1.897418297183149321e+02
7.400000000000000000e+01 7.719140046327387950e+01
1.960000000000000000e+02 1.849084233514095104e+02
5.900000000000000000e+01 6.693995074696651670e+01
1.220000000000000000e+02 1.200300755585934382e+02
7.200000000000000000e+01 7.971515857196308730e+01
8.800000000000000000e+01 9.337934994883937634e+01
1.560000000000000000e+02 1.499779525994431424e+02
1.610000000000000000e+02 1.550565259692470192e+02
9.600000000000000000e+01 9.738001956732387043e+01
1.910000000000000000e+02 1.810817076919452120e+02
1.220000000000000000e+02 1.227342608901249150e+02
2.040000000000000000e+02 1.997671053194930835e+02
7.500000000000000000e+01 7.557384203696798863e+01
1.690000000000000000e+02 1.593530002990555943e+02
1.790000000000000000e+02 1.732013657051553821e+02
1.910000000000000000e+02 1.897828953298064505e+02
1.680000000000000000e+02 1.663677783396217649e+02
1.570000000000000000e+02 1.527886528831773205e+02
1.150000000000000000e+02 1.141003869468845551e+02
9.700000000000000000e+01 1.014868649269601946e+02
6.700000000000000000e+01 7.168515038681930207e+01
1.610000000000000000e+02 1.554890640561555983e+02
6.200000000000000000e+01 6.722021331153526091e+01
1.620000000000000000e+02 1.570927369613351061e+02
1.020000000000000000e+02 1.059753746622243824e+02
1.420000000000000000e+02 1.391658808619147862e+02
1.710000000000000000e+02 1.645177228214573972e+02
1.440000000000000000e+02 1.401660894337537400e+02
1.730000000000000000e+02 1.638742256569248070e+02
1.300000000000000000e+02 1.266893151438849969e+02
6.500000000000000000e+01 7.419552278101916443e+01
5.200000000000000000e+01 5.427177075802541140e+01
1.740000000000000000e+02 1.687330094105684850e+02
1.100000000000000000e+02 1.101540838330316774e+02
1.570000000000000000e+02 1.522257782900767324e+02
1.240000000000000000e+02 1.252085420707312267e+02
1.050000000000000000e+02 1.036950249463541383e+02
1.850000000000000000e+02 1.815994754196535723e+02
5.200000000000000000e+01 6.003981932541443456e+01
1.330000000000000000e+02 1.316864521236605299e+02
1.650000000000000000e+02 1.589816343263011902e+02
1.460000000000000000e+02 1.405927473570680490e+02
1.140000000000000000e+02 1.134611445946076032e+02
1.560000000000000000e+02 1.489842206976752266e+02
9.900000000000000000e+01 9.913487891094122517e+01
6.700000000000000000e+01 7.040618899383775897e+01
7.100000000000000000e+01 7.965626515360725080e+01
5.900000000000000000e+01 6.483762333885083251e+01
7.600000000000000000e+01 7.697113661091275105e+01
4.600000000000000000e+01 4.888472291765941691e+01
4.800000000000000000e+01 5.513346744038122438e+01
9.600000000000000000e+01 1.006415626030146768e+02
3.200000000000000000e+01 3.609032298470383893e+01
1.570000000000000000e+02 1.568718558003341172e+02
1.200000000000000000e+02 1.186843332597362490e+02
1.220000000000000000e+02 1.223848855729962253e+02
1.340000000000000000e+02 1.325272833923676501e+02
1.870000000000000000e+02 1.811882061992809270e+02
9.000000000000000000e+01 9.123282242873089842e+01
6.600000000000000000e+01 7.283595031848139456e+01
8.800000000000000000e+01 9.234960452530640396e+01
1.270000000000000000e+02 1.272330847907070677e+02
9.800000000000000000e+01 9.884748064252877953e+01
5.700000000000000000e+01 6.450581677741553221e+01
1.640000000000000000e+02 1.547332261540190075e+02
1.340000000000000000e+02 1.322891085385220720e+02
1.280000000000000000e+02 1.248795096558541076e+02
6.800000000000000000e+01 7.644446711340611955e+01
1.420000000000000000e+02 1.385203322669418924e+02
2.130000000000000000e+02 2.059352473583447249e+02
2.020000000000000000e+02 1.956160761793135237e+02
1.080000000000000000e+02 1.100725669102557731e+02
1.660000000000000000e+02 1.595114363797033548e+02
1.300000000000000000e+02 1.297009310227322771e+02
1.540000000000000000e+02 1.537318457428859801e+02
9.300000000000000000e+01 9.336585823378804605e+01
6.200000000000000000e+01 6.705980173426543445e+01
5.000000000000000000e+01 5.323020508100768211e+01
4.800000000000000000e+01 5.518595728856735860e+01
1.490000000000000000e+02 1.484702735545932342e+02
1.310000000000000000e+02 1.302343130678419243e+02
1.330000000000000000e+02 1.297607731425304394e+02
1.820000000000000000e+02 1.800890542125723925e+02
1.330000000000000000e+02 1.317417728881139283e+02
1.470000000000000000e+02 1.445295348240273370e+02
1.560000000000000000e+02 1.501176041878611898e+02
1.590000000000000000e+02 1.538720509596165584e+02
1.820000000000000000e+02 1.753572984017865224e+02
6.600000000000000000e+01 7.531030002164951043e+01
9.300000000000000000e+01 9.840767291869244104e+01
1.500000000000000000e+02 1.479101902882921422e+02
1.160000000000000000e+02 1.151759670101855733e+02
1.470000000000000000e+02 1.464208872379385298e+02
1.730000000000000000e+02 1.676151534676806989e+02
1.190000000000000000e+02 1.200247372514552779e+02
1.710000000000000000e+02 1.637147701108647766e+02
6.500000000000000000e+01 7.442715119819352765e+01
1.000000000000000000e+02 1.033663248962115375e+02
5.500000000000000000e+01 6.239296396083699392e+01
1.370000000000000000e+02 1.361004571348094601e+02
1.680000000000000000e+02 1.596129409145010811e+02
7.000000000000000000e+01 7.868123986049863561e+01
1.970000000000000000e+02 1.864781805041230882e+02
1.240000000000000000e+02 1.220376889641055271e+02
1.280000000000000000e+02 1.284935421943354186e+02
9.900000000000000000e+01 1.037514854294765456e+02
5.500000000000000000e+01 6.502974237662262169e+01
1.770000000000000000e+02 1.691894653529492984e+02
1.320000000000000000e+02 1.307840623946424330e+02
1.720000000000000000e+02 1.651680915641101706e+02
5.400000000000000000e+01 6.351092859917147848e+01
1.720000000000000000e+02 1.648539673886902506e+02
1.620000000000000000e+02 1.571945448016527109e+02
1.250000000000000000e+02 1.250856874929077378e+02
7.900000000000000000e+01 8.178587488762232738e+01
9.800000000000000000e+01 1.012716054306198146e+02
6.600000000000000000e+01 7.276856772629389525e+01
1.660000000000000000e+02 1.598938491925791823e+02
9.800000000000000000e+01 1.001526089912190685e+02
8.600000000000000000e+01 9.055141819952324056e+01
8.500000000000000000e+01 8.863318059766268675e+01
1.820000000000000000e+02 1.807068535105158844e+02
1.050000000000000000e+02 1.058585823342859982e+02
1.920000000000000000e+02 1.816425696168733168e+02
1.490000000000000000e+02 1.460261026771465254e+02
1.990000000000000000e+02 1.939836350855383387e+02
1.870000000000000000e+02 1.807144303774683181e+02
1.830000000000000000e+02 1.767382722698940825e+02
1.130000000000000000e+02 1.152666406547817104e+02
1.080000000000000000e+02 1.066835649843156375e+02
2.190000000000000000e+02 2.111907401826766488e+02
3.600000000000000000e+01 4.077819875546709483e+01
1.040000000000000000e+02 1.079984586694475723e+02
8.100000000000000000e+01 8.803083176129057108e+01
1.550000000000000000e+02 1.498864074734352982e+02
2.140000000000000000e+02 2.092272408455768300e+02
8.900000000000000000e+01 9.496718867932595742e+01
1.470000000000000000e+02 1.448750250211245145e+02
1.870000000000000000e+02 1.761048937861473291e+02
1.300000000000000000e+02 1.268442409062894143e+02
7.500000000000000000e+01 8.277007494026797474e+01
5.700000000000000000e+01 6.063526578163134673e+01
8.000000000000000000e+01 8.357888369585833743e+01
2.160000000000000000e+02 2.084964249177868396e+02
3.700000000000000000e+01 4.162919016043982623e+01
5.700000000000000000e+01 5.743280498918998234e+01
1.230000000000000000e+02 1.211290260628799587e+02
9.800000000000000000e+01 1.000212778405826555e+02
1.260000000000000000e+02 1.264178787824384500e+02
1.550000000000000000e+02 1.477691257902695554e+02
1.790000000000000000e+02 1.717418888128002550e+02
1.850000000000000000e+02 1.722448692448153338e+02
8.300000000000000000e+01 8.729219825143201206e+01
1.830000000000000000e+02 1.740122934605093405e+02
1.870000000000000000e+02 1.768486080509725866e+02
8.400000000000000000e+01 9.030503569903726202e+01
8.000000000000000000e+01 8.585143216094036234e+01
6.500000000000000000e+01 7.000347088066344270e+01
1.340000000000000000e+02 1.324875670617026344e+02
8.600000000000000000e+01 9.034005816533196764e+01
8.000000000000000000e+01 8.035243332300457553e+01
6.400000000000000000e+01 7.082053591679684246e+01
1.230000000000000000e+02 1.215532612372419834e+02
1.310000000000000000e+02 1.305940652152063421e+02
1.410000000000000000e+02 1.364453800283817202e+02
8.700000000000000000e+01 8.941603074465128032e+01
7.900000000000000000e+01 8.282047865528495834e+01
9.700000000000000000e+01 9.902613413287811284e+01
5.000000000000000000e+01 5.724663581811745416e+01
1.070000000000000000e+02 1.099539058608342401e+02
8.500000000000000000e+01 8.519747088204412933e+01
5.300000000000000000e+01 5.677975310303554579e+01
1.790000000000000000e+02 1.696420618051842837e+02
1.210000000000000000e+02 1.202613654004446317e+02
1.920000000000000000e+02 1.868206768191060405e+02
4.200000000000000000e+01 4.962571210403507393e+01
1.390000000000000000e+02 1.359790228474459184e+02
1.760000000000000000e+02 1.743371541242078706e+02
1.250000000000000000e+02 1.251275382328959438e+02
1.480000000000000000e+02 1.421450782033590201e+02
2.190000000000000000e+02 2.104346306658030699e+02
1.150000000000000000e+02 1.143295674621235207e+02
1.810000000000000000e+02 1.726215121898191569e+02
1.480000000000000000e+02 1.447177737072244099e+02
1.890000000000000000e+02 1.769998718981269690e+02
1.600000000000000000e+02 1.573579558220761783e+02
1.670000000000000000e+02 1.656347641540664313e+02
7.400000000000000000e+01 8.040863265641745272e+01
6.300000000000000000e+01 6.298074531774241080e+01
1.180000000000000000e+02 1.194450034697861724e+02
1.830000000000000000e+02 1.717859059393028929e+02
4.900000000000000000e+01 5.600777137992571397e+01
6.000000000000000000e+01 6.969816769099128351e+01
1.150000000000000000e+02 1.168718315046181573e+02
1.180000000000000000e+02 1.181707104840387359e+02
9.900000000000000000e+01 1.027742743346254883e+02
7.400000000000000000e+01 7.955518014306133523e+01
1.170000000000000000e+02 1.155691653646761239e+02
1.670000000000000000e+02 1.578389855422233836e+02
6.000000000000000000e+01 6.986191567472656061e+01
1.140000000000000000e+02 1.146331571410452881e+02
1.930000000000000000e+02 1.799228756018013087e+02
8.000000000000000000e+01 8.260607681759239540e+01
9.800000000000000000e+01 1.003073467926427043e+02
1.170000000000000000e+02 1.158616184073594582e+02
1.580000000000000000e+02 1.507438945464540723e+02
1.780000000000000000e+02 1.688038272181359503e+02
1.210000000000000000e+02 1.202067989477450567e+02
5.200000000000000000e+01 5.820131911432492444e+01
6.400000000000000000e+01 6.940482994468870004e+01
1.280000000000000000e+02 1.276191685951895778e+02
8.800000000000000000e+01 9.015839763212473201e+01
5.600000000000000000e+01 6.069187000487669081e+01
1.250000000000000000e+02 1.229769331686110547e+02
1.370000000000000000e+02 1.364501546200978339e+02
1.080000000000000000e+02 1.088307263341259556e+02
1.960000000000000000e+02 1.901434094182092451e+02
5.400000000000000000e+01 5.411557066112720804e+01
1.670000000000000000e+02 1.576696655806808849e+02
6.800000000000000000e+01 7.239935150491059801e+01
2.120000000000000000e+02 2.045078762116161215e+02
9.900000000000000000e+01 1.031006082201895566e+02
1.370000000000000000e+02 1.358102995778388618e+02
1.680000000000000000e+02 1.644676331603270967e+02
1.870000000000000000e+02 1.741191360815594464e+02
1.150000000000000000e+02 1.167536911997928826e+02
1.670000000000000000e+02 1.613021047923528215e+02
5.400000000000000000e+01 6.212935170853882028e+01
1.670000000000000000e+02 1.634809507865839748e+02
1.310000000000000000e+02 1.302769241723824791e+02
5.100000000000000000e+01 6.006258984390994726e+01
1.240000000000000000e+02 1.219756356968644297e+02
1.960000000000000000e+02 1.936263975030808524e+02
7.200000000000000000e+01 7.859552821671709921e+01
7.000000000000000000e+01 7.542553450025492623e+01
1.510000000000000000e+02 1.451567531503818316e+02
9.000000000000000000e+01 9.513334111032911267e+01
8.400000000000000000e+01 8.932969500893824488e+01
9.500000000000000000e+01 9.670264578458275651e+01
1.790000000000000000e+02 1.784724222600547137e+02
1.850000000000000000e+02 1.780755730902794483e+02
1.060000000000000000e+02 1.092835257489703764e+02
6.000000000000000000e+01 6.890365549112959798e+01
1.620000000000000000e+02 1.537408696592262345e+02
1.820000000000000000e+02 1.717966927187719648e+02
1.100000000000000000e+02 1.103338413601312027e+02
4.100000000000000000e+01 4.870607521369989712e+01
4.300000000000000000e+01 4.882801040872863041e+01
1.840000000000000000e+02 1.780467988765255996e+02
1.780000000000000000e+02 1.705092335680411111e+02
1.290000000000000000e+02 1.294124646755122967e+02
1.040000000000000000e+02 1.039231590880177691e+02
6.000000000000000000e+01 6.863962047923610044e+01
1.620000000000000000e+02 1.558965874906683098e+02
1.660000000000000000e+02 1.616311148378727012e+02
1.610000000000000000e+02 1.587873784155212320e+02
1.770000000000000000e+02 1.755077207916105522e+02
1.620000000000000000e+02 1.608914122807343574e+02
1.470000000000000000e+02 1.463365435887367028e+02
1.370000000000000000e+02 1.369297896954333851e+02
9.500000000000000000e+01 9.816598974426733548e+01
9.400000000000000000e+01 9.883909839581050960e+01
1.730000000000000000e+02 1.674817543015600734e+02
9.600000000000000000e+01 9.955090096467087335e+01
1.510000000000000000e+02 1.482419044134478554e+02
1.090000000000000000e+02 1.070967494858874147e+02
9.700000000000000000e+01 1.003553973644643094e+02
1.190000000000000000e+02 1.177443571818652259e+02
6.800000000000000000e+01 7.591051071181117038e+01
8.700000000000000000e+01 9.159237109087608530e+01
5.700000000000000000e+01 6.261280747196434504e+01
5.800000000000000000e+01 5.869252527084029936e+01
1.290000000000000000e+02 1.295474068948123829e+02
7.000000000000000000e+01 7.316730385257831415e+01
1.020000000000000000e+02 1.036730692437123764e+02
1.390000000000000000e+02 1.354753507272745878e+02
6.900000000000000000e+01 7.247706848766027576e+01
8.700000000000000000e+01 9.058254760173312548e+01
5.800000000000000000e+01 6.805485047811794175e+01
1.290000000000000000e+02 1.275580005529644296e+02
8.900000000000000000e+01 8.939633871983818381e+01
1.230000000000000000e+02 1.236870845791268749e+02
8.100000000000000000e+01 8.810126026883678207e+01
1.670000000000000000e+02 1.587814805530144611e+02
1.430000000000000000e+02 1.426697742892644953e+02
6.400000000000000000e+01 7.130797253120682910e+01
7.900000000000000000e+01 8.392682955099861886e+01
6.900000000000000000e+01 7.355387868141441743e+01
1.610000000000000000e+02 1.566018595607836232e+02
6.500000000000000000e+01 6.513292165909874143e+01
4.600000000000000000e+01 5.368823656653307097e+01
8.300000000000000000e+01 8.386809621418908023e+01
1.060000000000000000e+02 1.079567903170659093e+02
6.000000000000000000e+01 6.227205000824257297e+01
2.020000000000000000e+02 2.000769856358145375e+02
1.080000000000000000e+02 1.081466262607965803e+02
1.840000000000000000e+02 1.740009181582640849e+02
1.130000000000000000e+02 1.150067687765008770e+02
9.100000000000000000e+01 9.380633598061181999e+01
9.400000000000000000e+01 9.431568863338726771e+01
1.010000000000000000e+02 1.021036117933372367e+02
1.180000000000000000e+02 1.165090619813783235e+02
1.130000000000000000e+02 1.129541115082886620e+02
1.620000000000000000e+02 1.536566400257644887e+02
1.560000000000000000e+02 1.493127382391375022e+02
7.400000000000000000e+01 7.593136877520994688e+01
1.480000000000000000e+02 1.420983401707904648e+02
1.280000000000000000e+02 1.279477235453491346e+02
1.670000000000000000e+02 1.620491023906828332e+02
6.700000000000000000e+01 7.346374912747235442e+01
2.180000000000000000e+02 2.173719137413960709e+02
1.280000000000000000e+02 1.255932159569067039e+02
1.270000000000000000e+02 1.245724929102885596e+02
7.900000000000000000e+01 8.461640248681338505e+01
1.060000000000000000e+02 1.076767090267400988e+02
8.500000000000000000e+01 8.656859285434356366e+01
1.490000000000000000e+02 1.453947370855649126e+02
7.900000000000000000e+01 8.605508430136211473e+01
1.600000000000000000e+02 1.591419945864022907e+02
9.800000000000000000e+01 9.839553125918428123e+01
2.070000000000000000e+02 1.986367214895585391e+02
5.900000000000000000e+01 6.891571929928019813e+01
1.410000000000000000e+02 1.364503713104066378e+02
1.600000000000000000e+02 1.528236214041468486e+02
1.070000000000000000e+02 1.082128077161025317e+02
1.890000000000000000e+02 1.793244338644482809e+02
1.120000000000000000e+02 1.104421643163402109e+02
7.500000000000000000e+01 7.846422518063300799e+01
9.500000000000000000e+01 9.541303768627420823e+01
7.800000000000000000e+01 8.323501506784293724e+01
1.800000000000000000e+02 1.705218855829212998e+02
5.800000000000000000e+01 6.573251107732852461e+01
7.400000000000000000e+01 8.025647545413791306e+01
1.860000000000000000e+02 1.769446461581817402e+02
1.380000000000000000e+02 1.356840804311764543e+02
1.350000000000000000e+02 1.312931605266256838e+02
2.800000000000000000e+01 3.323506202740841786e+01
8.500000000000000000e+01 8.661906132920132961e+01
1.140000000000000000e+02 1.157352411229347524e+02
1.910000000000000000e+02 1.886307783283697574e+02
1.650000000000000000e+02 1.564847691933738361e+02
3.700000000000000000e+01 4.101039598414685372e+01
6.400000000000000000e+01 6.898107144213602737e+01
7.500000000000000000e+01 7.560587880483507206e+01
8.200000000000000000e+01 8.702637464517016497e+01
1.860000000000000000e+02 1.848432036639759701e+02
7.000000000000000000e+01 7.853724640502244370e+01
2.190000000000000000e+02 2.186921838343862703e+02
1.270000000000000000e+02 1.241326719409375698e+02
1.680000000000000000e+02 1.617043677118471692e+02
4.100000000000000000e+01 4.530792884681092403e+01
1.510000000000000000e+02 1.447228959429952511e+02
1.550000000000000000e+02 1.515254864054703319e+02
9.200000000000000000e+01 9.596331515703357695e+01
1.020000000000000000e+02 1.020079282706905417e+02
1.540000000000000000e+02 1.535674509846278113e+02
1.110000000000000000e+02 1.137855935113661303e+02
7.700000000000000000e+01 8.270679868234134346e+01
1.570000000000000000e+02 1.522949594391993742e+02
1.400000000000000000e+02 1.392176909564740583e+02
7.900000000000000000e+01 8.221983070422238882e+01
1.610000000000000000e+02 1.601770217280887039e+02
1.970000000000000000e+02 1.910640589763094965e+02
1.690000000000000000e+02 1.595987159125239998e+02
1.510000000000000000e+02 1.457482542096412601e+02
1.740000000000000000e+02 1.665916630193536037e+02
1.000000000000000000e+02 1.001942707162722712e+02
5.100000000000000000e+01 5.232921504074631969e+01
1.960000000000000000e+02 1.958410498221813896e+02
2.060000000000000000e+02 1.984775069377926684e+02
1.300000000000000000e+02 1.279079199833578286e+02
1.100000000000000000e+02 1.125925298042064071e+02
1.010000000000000000e+02 1.017113039041476696e+02
7.800000000000000000e+01 7.885894872434060687e+01
1.060000000000000000e+02 1.059109334165652569e+02
1.630000000000000000e+02 1.580564691423401769e+02
7.700000000000000000e+01 7.850328840710700717e+01
9.200000000000000000e+01 9.543942704027561774e+01
1.760000000000000000e+02 1.680130006708190535e+02
8.300000000000000000e+01 8.893000201938859561e+01
4.700000000000000000e+01 5.405788925683062018e+01
1.340000000000000000e+02 1.296661860968875715e+02
1.370000000000000000e+02 1.334387072628273927e+02
4.700000000000000000e+01 5.604661045279225817e+01
6.600000000000000000e+01 7.158393375842787520e+01
1.850000000000000000e+02 1.758220976392061061e+02
1.950000000000000000e+02 1.941339418148288019e+02
1.170000000000000000e+02 1.189834540572886823e+02
6.500000000000000000e+01 6.556504428900990433e+01
1.040000000000000000e+02 1.079257584125181921e+02
1.270000000000000000e+02 1.275248707243061261e+02
1.720000000000000000e+02 1.642153690205050225e+02
1.010000000000000000e+02 1.017744169559435363e+02
1.730000000000000000e+02 1.671514712278611228e+02
1.430000000000000000e+02 1.408151455354026496e+02
6.400000000000000000e+01 7.098773072199684009e+01
1.440000000000000000e+02 1.416827171600632198e+02
1.500000000000000000e+02 1.440078861474302414e+02
1.290000000000000000e+02 1.271949213922008397e+02
8.700000000000000000e+01 9.104461057986723915e+01
8.200000000000000000e+01 8.367768498136915412e+01
2.000000000000000000e+02 1.928992890189371963e+02
1.800000000000000000e+02 1.695281754094795872e+02
1.410000000000000000e+02 1.408153764890581385e+02
5.600000000000000000e+01 6.556461372437107116e+01
1.980000000000000000e+02 1.924779301331872432e+02
9.000000000000000000e+01 9.403749424219431319e+01
1.250000000000000000e+02 1.244446637606771020e+02
1.270000000000000000e+02 1.269087104720708226e+02
1.380000000000000000e+02 1.369015959792035915e+02
1.320000000000000000e+02 1.324495012970501477e+02
8.600000000000000000e+01 8.835570099688648327e+01
2.130000000000000000e+02 2.063418079379114261e+02
1.330000000000000000e+02 1.321537795435694420e+02
9.500000000000000000e+01 9.792385368169026094e+01
1.280000000000000000e+02 1.277171933252804195e+02
8.700000000000000000e+01 9.173054260532767046e+01
8.000000000000000000e+01 8.484656236535091978e+01
8.000000000000000000e+01 8.709483782010832442e+01
7.600000000000000000e+01 8.383940687303666550e+01
1.490000000000000000e+02 1.445400988234306681e+02
1.510000000000000000e+02 1.457052654313362154e+02
1.900000000000000000e+02 1.845705827882032111e+02
1.170000000000000000e+02 1.146438951054479958e+02
1.390000000000000000e+02 1.375644413212791335e+02
1.220000000000000000e+02 1.225855834097387742e+02
1.050000000000000000e+02 1.052131459192543304e+02
6.300000000000000000e+01 7.165710611448298550e+01
1.830000000000000000e+02 1.705110337952957877e+02
6.300000000000000000e+01 7.253282673483209919e+01
1.440000000000000000e+02 1.411497236221684375e+02
1.860000000000000000e+02 1.747455847979676378e+02
1.190000000000000000e+02 1.172947781587903364e+02
1.970000000000000000e+02 1.889959132066160237e+02
1.910000000000000000e+02 1.823916188382721373e+02
8.500000000000000000e+01 8.587561484099933296e+01
1.110000000000000000e+02 1.103823196839473297e+02
1.390000000000000000e+02 1.351876325842536062e+02
1.490000000000000000e+02 1.451091803754065381e+02
6.100000000000000000e+01 6.495532774924404862e+01
1.670000000000000000e+02 1.604524595539445500e+02
1.140000000000000000e+02 1.134243486011866366e+02
9.200000000000000000e+01 9.570115842287195562e+01
1.700000000000000000e+02 1.625680344420376855e+02
1.580000000000000000e+02 1.503261388168247095e+02
1.190000000000000000e+02 1.175704339175709947e+02
1.810000000000000000e+02 1.731086775456754197e+02
8.100000000000000000e+01 8.181219651450471986e+01
1.340000000000000000e+02 1.330451080778272797e+02
1.540000000000000000e+02 1.530272636706370406e+02
5.100000000000000000e+01 5.739069425693520543e+01
1.540000000000000000e+02 1.485595131248662426e+02
1.740000000000000000e+02 1.707309284387154094e+02
1.460000000000000000e+02 1.432899380819659996e+02
1.500000000000000000e+02 1.469042991464399108e+02
1.550000000000000000e+02 1.487325259570649223e+02
1.310000000000000000e+02 1.305890393685465938e+02
6.100000000000000000e+01 6.799539306228136581e+01
1.720000000000000000e+02 1.666710176635070297e+02
1.410000000000000000e+02 1.394467237420672348e+02
5.700000000000000000e+01 6.364718980028499118e+01
7.700000000000000000e+01 7.896130749112914771e+01
1.800000000000000000e+02 1.736271155438896869e+02
1.100000000000000000e+02 1.096504084090178139e+02
7.000000000000000000e+01 7.573686628856314940e+01
1.080000000000000000e+02 1.081220427146788978e+02
1.480000000000000000e+02 1.419852122356750499e+02
1.450000000000000000e+02 1.400148658408381550e+02
1.370000000000000000e+02 1.368570693571567460e+02
1.310000000000000000e+02 1.279286389519205613e+02
1.710000000000000000e+02 1.637548058653908356e+02
1.610000000000000000e+02 1.584710751986659147e+02
1.630000000000000000e+02 1.548545632762896105e+02
1.900000000000000000e+02 1.846441148176323281e+02
1.900000000000000000e+02 1.791511008579323914e+02
5.200000000000000000e+01 5.865205375561475876e+01
1.210000000000000000e+02 1.217808432689985523e+02
1.360000000000000000e+02 1.341696728858559027e+02
7.900000000000000000e+01 8.442053672396031061e+01
5.400000000000000000e+01 5.925678486590712168e+01
7.400000000000000000e+01 8.028075969779362708e+01
3.900000000000000000e+01 4.562214293710837865e+01
7.500000000000000000e+01 8.065179613477357634e+01
7.800000000000000000e+01 8.507182793241857155e+01
1.730000000000000000e+02 1.685955208880572798e+02
1.600000000000000000e+02 1.555571621780313478e+02
4.200000000000000000e+01 4.614465477100156221e+01
8.300000000000000000e+01 8.771941613001160931e+01
8.600000000000000000e+01 9.001829562859181522e+01
1.710000000000000000e+02 1.701384658170077842e+02
1.380000000000000000e+02 1.350371880250593222e+02
1.140000000000000000e+02 1.130767739557231835e+02
8.400000000000000000e+01 8.471080183071836700e+01
7.900000000000000000e+01 8.427174364949283358e+01
5.800000000000000000e+01 6.190545334635211816e+01
5.900000000000000000e+01 6.498782944639440018e+01
2.060000000000000000e+02 1.988636118213108261e+02
5.600000000000000000e+01 6.430311155652564992e+01
1.790000000000000000e+02 1.674576160846228561e+02
7.400000000000000000e+01 7.545148144210423879e+01
1.820000000000000000e+02 1.749375429453934885e+02
1.290000000000000000e+02 1.255271529319323776e+02
1.930000000000000000e+02 1.819855790994454594e+02
1.400000000000000000e+02 1.356322981320383292e+02
1.190000000000000000e+02 1.167036180480088916e+02
1.870000000000000000e+02 1.767333229042242522e+02
1.040000000000000000e+02 1.038864138961107386e+02
1.910000000000000000e+02 1.868044029503132606e+02
2.050000000000000000e+02 2.016091967517392902e+02
1.810000000000000000e+02 1.720197280956980421e+02
1.760000000000000000e+02 1.742936532911062955e+02
1.510000000000000000e+02 1.495569066986617770e+02
1.420000000000000000e+02 1.391712624928635478e+02
8.700000000000000000e+01 9.305717046017167604e+01
1.300000000000000000e+02 1.269685350903629484e+02
1.130000000000000000e+02 1.126108706178196996e+02
7.500000000000000000e+01 7.752815230416878478e+01
1.080000000000000000e+02 1.082281275603519788e+02
1.640000000000000000e+02 1.637434784327356567e+02
5.800000000000000000e+01 6.376730347626449458e+01
8.100000000000000000e+01 8.496997522283207616e+01
1.530000000000000000e+02 1.484969801551033584e+02
1.190000000000000000e+02 1.188762413245663652e+02
8.900000000000000000e+01 9.477002512440753890e+01
1.290000000000000000e+02 1.264205963879691126e+02
1.740000000000000000e+02 1.677785580986897571e+02
1.420000000000000000e+02 1.373886689080265739e+02
1.210000000000000000e+02 1.226639761929247356e+02
1.650000000000000000e+02 1.575656911191162806e+02
1.250000000000000000e+02 1.251183000195987205e+02
1.190000000000000000e+02 1.160448090554407656e+02
1.140000000000000000e+02 1.156493782459787667e+02
1.380000000000000000e+02 1.342159876623753973e+02
1.200000000000000000e+02 1.184070354283597482e+02
1.760000000000000000e+02 1.669287447940162963e+02
1.930000000000000000e+02 1.824263234535749518e+02
1.440000000000000000e+02 1.420062262842602649e+02
2.140000000000000000e+02 2.057378920451622548e+02
2.090000000000000000e+02 2.036628524030430185e+02
1.720000000000000000e+02 1.623605242666189383e+02
1.650000000000000000e+02 1.594202864007001494e+02
9.000000000000000000e+01 9.047261026094136582e+01
8.600000000000000000e+01 8.892295083517915089e+01
1.380000000000000000e+02 1.367131011604267883e+02
8.600000000000000000e+01 8.863120125790220527e+01
7.500000000000000000e+01 7.871959135782337569e+01
7.100000000000000000e+01 7.715512470798967115e+01
2.090000000000000000e+02 2.028751867349031954e+02
1.440000000000000000e+02 1.389190601273978132e+02
6.300000000000000000e+01 7.126495584911376113e+01
1.750000000000000000e+02 1.684712791256795583e+02
1.760000000000000000e+02 1.699945608865283475e+02
6.700000000000000000e+01 7.291370441944494019e+01
1.980000000000000000e+02 1.885185243476706205e+02
1.960000000000000000e+02 1.888020744689211767e+02
1.060000000000000000e+02 1.068398981161581816e+02
1.500000000000000000e+02 1.445206884875845503e+02
1.710000000000000000e+02 1.615026923674293755e+02
1.930000000000000000e+02 1.888295218227015937e+02
1.250000000000000000e+02 1.231573301833773826e+02
1.030000000000000000e+02 1.053599830908483028e+02
1.080000000000000000e+02 1.069691284783586980e+02
4.300000000000000000e+01 5.209769301559730792e+01
5.900000000000000000e+01 6.511285325815177316e+01
1.240000000000000000e+02 1.218134863975579236e+02
4.600000000000000000e+01 4.931077166991150307e+01
1.650000000000000000e+02 1.586776119116022414e+02
1.600000000000000000e+02 1.549520330084013437e+02
1.360000000000000000e+02 1.321587063522862309e+02
8.600000000000000000e+01 9.081226164930201605e+01
9.900000000000000000e+01 9.986640202810021094e+01
9.400000000000000000e+01 9.482037572075493870e+01
1.240000000000000000e+02 1.226402288573122092e+02
1.590000000000000000e+02 1.535507699988449133e+02
9.700000000000000000e+01 1.015597391062847237e+02
6.600000000000000000e+01 7.022082304607161518e+01
4.600000000000000000e+01 5.044603344565290826e+01
1.020000000000000000e+02 1.032517227258530426e+02
1.680000000000000000e+02 1.610367858888037063e+02
6.900000000000000000e+01 7.623798092887223277e+01
1.100000000000000000e+02 1.097262146752632219e+02
1.490000000000000000e+02 1.446547533893312618e+02
9.300000000000000000e+01 9.309395516673014015e+01
1.720000000000000000e+02 1.644860699404690365e+02
1.290000000000000000e+02 1.259343541440575507e+02
7.100000000000000000e+01 7.540796045404769643e+01
1.590000000000000000e+02 1.530060423516885919e+02
1.560000000000000000e+02 1.490949474376974990e+02
1.230000000000000000e+02 1.210110849311423777e+02
1.400000000000000000e+02 1.358949686628472762e+02
1.580000000000000000e+02 1.532427571023958706e+02
1.870000000000000000e+02 1.742932025216449574e+02
1.850000000000000000e+02 1.749443318803579643e+02
5.500000000000000000e+01 5.810077151132571061e+01
1.350000000000000000e+02 1.311391543548554637e+02
6.700000000000000000e+01 7.347176122657391772e+01
1.340000000000000000e+02 1.308919073245307914e+02
1.880000000000000000e+02 1.754397103942062017e+02
7.800000000000000000e+01 8.374141561777418019e+01
8.500000000000000000e+01 9.137393925006345796e+01
1.250000000000000000e+02 1.247520155007827327e+02
1.380000000000000000e+02 1.333022877465942031e+02
2.130000000000000000e+02 2.120355282748095931e+02
1.710000000000000000e+02 1.637565773599227157e+02
1.150000000000000000e+02 1.142607672839848618e+02
1.130000000000000000e+02 1.153528853389020554e+02
1.320000000000000000e+02 1.284697255943753760e+02
1.790000000000000000e+02 1.677066458242694580e+02
1.840000000000000000e+02 1.798511783941567046e+02
5.800000000000000000e+01 6.810980761018991814e+01
1.550000000000000000e+02 1.479162580458890943e+02
8.400000000000000000e+01 8.554670816988053161e+01
1.050000000000000000e+02 1.078737666880528820e+02
1.630000000000000000e+02 1.593105385207306881e+02
1.640000000000000000e+02 1.571237378855920781e+02
1.300000000000000000e+02 1.293619877483205585e+02
1.400000000000000000e+02 1.395131491258544827e+02
5.800000000000000000e+01 6.783595811359907657e+01
1.220000000000000000e+02 1.202646154703318899e+02
8.600000000000000000e+01 9.217020510137939482e+01
1.810000000000000000e+02 1.725195919813001524e+02
7.100000000000000000e+01 7.508876840099405570e+01
1.750000000000000000e+02 1.663452689648201215e+02
1.630000000000000000e+02 1.578496549863099006e+02
7.700000000000000000e+01 8.168575418062918914e+01
1.030000000000000000e+02 1.043175116136181657e+02
1.560000000000000000e+02 1.512396534632617886e+02
7.300000000000000000e+01 7.741686654743895701e+01
6.500000000000000000e+01 6.732312436132781386e+01
1.110000000000000000e+02 1.089139804723231890e+02
8.200000000000000000e+01 8.438149172461109515e+01
4.000000000000000000e+01 4.726520417921399542e+01
1.670000000000000000e+02 1.577455724582521270e+02
1.860000000000000000e+02 1.787458939567545144e+02
1.080000000000000000e+02 1.084123502259013776e+02
2.030000000000000000e+02 1.969777537947045971e+02
1.580000000000000000e+02 1.511363810986437954e+02
2.110000000000000000e+02 2.107521218624145547e+02
1.160000000000000000e+02 1.136154584408678829e+02
7.800000000000000000e+01 8.360394812128060948e+01
1.250000000000000000e+02 1.242764383812299229e+02
1.550000000000000000e+02 1.495663427024618386e+02
6.000000000000000000e+01 6.742276693737886717e+01
1.190000000000000000e+02 1.202883647344048796e+02
1.610000000000000000e+02 1.549701974054424340e+02
1.700000000000000000e+02 1.620276491524406595e+02
1.810000000000000000e+02 1.721167096607165945e+02
1.480000000000000000e+02 1.448248855465986367e+02
6.100000000000000000e+01 6.769696562838005605e+01
1.730000000000000000e+02 1.655199342223912140e+02
1.320000000000000000e+02 1.284258194074089658e+02
1.570000000000000000e+02 1.511668330702732419e+02
1.230000000000000000e+02 1.203098218367474459e+02
5.900000000000000000e+01 6.001074856289754678e+01
1.450000000000000000e+02 1.404646806641981414e+02
2.080000000000000000e+02 2.009502460589935140e+02
1.060000000000000000e+02 1.060001304047605970e+02
8.900000000000000000e+01 9.013923005986684700e+01
1.780000000000000000e+02 1.667777927163281220e+02
7.600000000000000000e+01 8.054350835431881706e+01
1.380000000000000000e+02 1.360735100981871710e+02
1.330000000000000000e+02 1.295762511990917858e+02
1.400000000000000000e+02 1.391131005583735600e+02
2.110000000000000000e+02 2.034813819326958537e+02
6.400000000000000000e+01 7.116482628449740844e+01
7.700000000000000000e+01 7.995199607005062603e+01
9.100000000000000000e+01 9.472972382293966120e+01
1.210000000000000000e+02 1.219173850189866926e+02
1.500000000000000000e+02 1.460500775894699075e+02
1.000000000000000000e+02 1.019334767671753781e+02
1.790000000000000000e+02 1.745287062321168321e+02
8.600000000000000000e+01 8.670800619496510819e+01
2.010000000000000000e+02 1.968446422144861003e+02
5.600000000000000000e+01 6.612368704085405113e+01
6.200000000000000000e+01 6.633911238956274303e+01
6.100000000000000000e+01 6.681154516639976748e+01
1.260000000000000000e+02 1.260452771780098544e+02
2.150000000000000000e+02 2.087013854435881512e+02
6.900000000000000000e+01 7.527924200070921756e+01
7.600000000000000000e+01 7.935639013804537001e+01
1.630000000000000000e+02 1.570408554000871675e+02
1.850000000000000000e+02 1.762383698879960434e+02
1.730000000000000000e+02 1.663635722432017303e+02
1.900000000000000000e+02 1.800998660078540183e+02
1.710000000000000000e+02 1.625674208092375750e+02
1.590000000000000000e+02 1.514126915054205256e+02
1.140000000000000000e+02 1.131685524467409891e+02
1.220000000000000000e+02 1.192669491579915757e+02
9.000000000000000000e+01 9.068030309884262863e+01
9.000000000000000000e+01 9.039122218790447505e+01
1.670000000000000000e+02 1.630872338955011287e+02
9.100000000000000000e+01 9.292047068766692064e+01
6.400000000000000000e+01 6.963495779281453224e+01
1.120000000000000000e+02 1.117469603383816832e+02
8.500000000000000000e+01 8.907034251355085530e+01
1.400000000000000000e+02 1.357084360658064099e+02
1.300000000000000000e+02 1.274831438494157680e+02
1.030000000000000000e+02 1.042697750476329901e+02
6.000000000000000000e+01 6.831051201649304971e+01
6.100000000000000000e+01 6.832666781288592972e+01
1.730000000000000000e+02 1.666353015728319633e+02
6.400000000000000000e+01 6.909936802435802861e+01
6.100000000000000000e+01 7.075194354365829952e+01
1.850000000000000000e+02 1.772050282287282812e+02
8.400000000000000000e+01 8.566445215798441382e+01
6.200000000000000000e+01 6.758793826773961655e+01
1.570000000000000000e+02 1.539047492155811483e+02
4.100000000000000000e+01 4.885336305383450650e+01
1.000000000000000000e+02 1.000034145664860290e+02
1.460000000000000000e+02 1.404532181925730754e+02
1.150000000000000000e+02 1.145020021927523146e+02
7.600000000000000000e+01 7.924379639155829125e+01
9.900000000000000000e+01 1.034789154722368778e+02
8.500000000000000000e+01 8.636314126080688425e+01
7.900000000000000000e+01 8.382577657291282947e+01
1.430000000000000000e+02 1.379919842432655059e+02
6.800000000000000000e+01 7.467343802627840432e+01
1.420000000000000000e+02 1.369813677319039584e+02
1.730000000000000000e+02 1.707491932688901954e+02
2.070000000000000000e+02 2.061291920930171671e+02
1.250000000000000000e+02 1.230173928729502961e+02
1.400000000000000000e+02 1.381920419384895524e+02
1.110000000000000000e+02 1.107429818435458344e+02
1.030000000000000000e+02 1.066397467241806680e+02
1.020000000000000000e+02 1.045813074732658663e+02
9.200000000000000000e+01 9.378074171377964774e+01
1.800000000000000000e+02 1.707562573022200354e+02
1.130000000000000000e+02 1.110214081720774857e+02
6.700000000000000000e+01 7.218348209446806152e+01
1.720000000000000000e+02 1.620648830022736320e+02
6.200000000000000000e+01 6.456426403283388993e+01
2.050000000000000000e+02 2.030305201480280743e+02
1.150000000000000000e+02 1.160208452203361276e+02
1.820000000000000000e+02 1.732187461054103608e+02
1.660000000000000000e+02 1.632479103822910815e+02
1.900000000000000000e+02 1.800908409647843484e+02
1.260000000000000000e+02 1.250028191414997281e+02
1.270000000000000000e+02 1.240917472694647614e+02
1.270000000000000000e+02 1.235300388710006700e+02
1.430000000000000000e+02 1.420085513205952736e+02
1.930000000000000000e+02 1.819154819570267421e+02
6.500000000000000000e+01 7.274066824260430053e+01
1.880000000000000000e+02 1.747529362376972131e+02
1.620000000000000000e+02 1.548679247999046993e+02
1.670000000000000000e+02 1.646941839436064754e+02
1.500000000000000000e+02 1.467574791040931075e+02
1.780000000000000000e+02 1.697483852202065009e+02
6.900000000000000000e+01 7.141927361378739647e+01
1.020000000000000000e+02 1.058527908780950213e+02
9.500000000000000000e+01 9.589480174809006030e+01
1.380000000000000000e+02 1.379088009330462228e+02
1.620000000000000000e+02 1.568708512850477064e+02
1.990000000000000000e+02 1.926454602057208092e+02
1.570000000000000000e+02 1.519286061821250087e+02
7.000000000000000000e+01 7.613708826271898999e+01
1.350000000000000000e+02 1.320586151680605838e+02
5.000000000000000000e+01 5.104588205099466336e+01
9.500000000000000000e+01 9.540172666794492784e+01
6.000000000000000000e+01 6.777034956296286339e+01
6.200000000000000000e+01 6.715461501437175684e+01
1.460000000000000000e+02 1.444000737132334109e+02
9.700000000000000000e+01 1.000155344244502942e+02
4.400000000000000000e+01 4.798244604327545915e+01
9.300000000000000000e+01 9.657368773825943720e+01
1.540000000000000000e+02 1.535230491068238621e+02
1.390000000000000000e+02 1.370393892153744559e+02
1.790000000000000000e+02 1.707548204581860603e+02
9.300000000000000000e+01 9.402547518831173079e+01
1.200000000000000000e+02 1.208295175306902678e+02
7.400000000000000000e+01 7.986044202430421990e+01
1.700000000000000000e+02 1.682539920850376802e+02
1.580000000000000000e+02 1.537980525285962017e+02
1.730000000000000000e+02 1.627952596980894668e+02
1.330000000000000000e+02 1.297850814374762933e+02
1.910000000000000000e+02 1.811850029311954415e+02
5.700000000000000000e+01 6.269024816435637604e+01
1.210000000000000000e+02 1.224653904457684206e+02
1.280000000000000000e+02 1.256576564037189740e+02
1.570000000000000000e+02 1.528171968773331173e+02
1.430000000000000000e+02 1.422441729182455674e+02
1.330000000000000000e+02 1.298182653627297896e+02
9.400000000000000000e+01 9.767335840252606260e+01
1.510000000000000000e+02 1.446570049254875414e+02
1.610000000000000000e+02 1.555418188108711774e+02
6.900000000000000000e+01 7.294276629311512750e+01
8.100000000000000000e+01 8.194898890758194909e+01
1.410000000000000000e+02 1.366741288297873211e+02
1.900000000000000000e+02 1.792448571563349731e+02
7.600000000000000000e+01 8.163851193440714837e+01
1.070000000000000000e+02 1.059447201715911433e+02
9.100000000000000000e+01 9.161393265365957461e+01
1.080000000000000000e+02 1.078130385052588451e+02
9.300000000000000000e+01 9.438388761688725026e+01
1.550000000000000000e+02 1.513861328314463890e+02
1.900000000000000000e+02 1.807651431568799012e+02
1.610000000000000000e+02 1.594258174194916933e+02
1.830000000000000000e+02 1.750168039331918521e+02
7.800000000000000000e+01 8.407151071796192809e+01
8.800000000000000000e+01 8.847642840922256369e+01
1.810000000000000000e+02 1.805340251879015909e+02
1.090000000000000000e+02 1.120723160426321954e+02
1.990000000000000000e+02 1.897424136916538941e+02
1.980000000000000000e+02 1.867948219017842746e+02
1.230000000000000000e+02 1.213711341324391526e+02
1.090000000000000000e+02 1.118222534152917547e+02
6.000000000000000000e+01 6.303188591273943331e+01
1.160000000000000000e+02 1.182883457330572128e+02
1.960000000000000000e+02 1.821299743172178296e+02
1.010000000000000000e+02 1.002855055263880928e+02
8.600000000000000000e+01 8.734122432225871080e+01
1.430000000000000000e+02 1.380867162022508978e+02
1.050000000000000000e+02 1.083848632144939330e+02
1.620000000000000000e+02 1.532815616398194436e+02
1.710000000000000000e+02 1.659545455603475546e+02
4.500000000000000000e+01 5.008484723826143181e+01
1.340000000000000000e+02 1.309590230649031071e+02
1.710000000000000000e+02 1.630161834165960215e+02
1.390000000000000000e+02 1.346201367781824274e+02
1.010000000000000000e+02 1.015966331276934511e+02
1.900000000000000000e+02 1.841817438021314217e+02
1.950000000000000000e+02 1.831806784143454081e+02
1.170000000000000000e+02 1.163815733889361468e+02
8.300000000000000000e+01 8.679015481954856170e+01
1.930000000000000000e+02 1.867588712019633590e+02
1.100000000000000000e+02 1.111056303265832810e+02
1.130000000000000000e+02 1.144238109590020400e+02
1.440000000000000000e+02 1.427505105589840184e+02
1.350000000000000000e+02 1.316712307253814629e+02
7.000000000000000000e+01 7.426384508636535031e+01
7.100000000000000000e+01 7.714406336310072732e+01
8.400000000000000000e+01 8.465495913835665931e+01
9.500000000000000000e+01 1.000987072209114217e+02
1.800000000000000000e+02 1.710121180116784103e+02
1.760000000000000000e+02 1.674144942832426182e+02
1.060000000000000000e+02 1.061490170795532038e+02
1.030000000000000000e+02 1.033044219292565202e+02
1.630000000000000000e+02 1.565095711143762287e+02
1.200000000000000000e+02 1.188481927416206787e+02
1.420000000000000000e+02 1.382694347241033199e+02
1.340000000000000000e+02 1.331404074911085900e+02
4.400000000000000000e+01 5.140382250702033673e+01
2.200000000000000000e+02 2.173683597524634763e+02
1.130000000000000000e+02 1.127304484680959007e+02
1.690000000000000000e+02 1.626834927526654155e+02
9.500000000000000000e+01 9.604731409675684972e+01
1.840000000000000000e+02 1.783705676233043391e+02
9.100000000000000000e+01 9.316100802092655897e+01
8.600000000000000000e+01 8.850763502529355264e+01
1.430000000000000000e+02 1.384938014976650891e+02
1.910000000000000000e+02 1.908524944974282107e+02
1.440000000000000000e+02 1.388046774412578372e+02
1.390000000000000000e+02 1.344447893710157587e+02
1.320000000000000000e+02 1.287826529346134805e+02
7.800000000000000000e+01 8.109147927023892066e+01
1.640000000000000000e+02 1.591988183028775268e+02
8.300000000000000000e+01 8.576199890891334121e+01
1.080000000000000000e+02 1.086217488026972546e+02
1.100000000000000000e+02 1.100431263984015118e+02
1.440000000000000000e+02 1.391056809601516306e+02
6.700000000000000000e+01 7.178739081604163630e+01
1.010000000000000000e+02 1.016397960242536840e+02
1.550000000000000000e+02 1.480162831048460248e+02
1.820000000000000000e+02 1.768467678573247781e+02
1.860000000000000000e+02 1.742450962229592335e+02
1.680000000000000000e+02 1.624113189383842837e+02
8.200000000000000000e+01 8.423252815721737363e+01
5.400000000000000000e+01 6.045289587178019985e+01
3.900000000000000000e+01 4.370656256262456907e+01
1.610000000000000000e+02 1.548603424092428043e+02
4.300000000000000000e+01 5.060401657990452406e+01
1.020000000000000000e+02 1.060768138021100526e+02
8.900000000000000000e+01 9.277632436042264885e+01
1.080000000000000000e+02 1.084544361803629187e+02
1.390000000000000000e+02 1.350889350230740433e+02
1.040000000000000000e+02 1.041586274501992619e+02
1.570000000000000000e+02 1.501011222628347070e+02
1.060000000000000000e+02 1.060509812170291610e+02
1.120000000000000000e+02 1.116164290988549936e+02
6.700000000000000000e+01 6.721185937034304914e+01
1.900000000000000000e+02 1.833038873414432430e+02
7.000000000000000000e+01 7.502210344649968476e+01
1.330000000000000000e+02 1.296859954311768490e+02
1.930000000000000000e+02 1.850447791539968705e+02
8.600000000000000000e+01 8.779644342130825407e+01
1.860000000000000000e+02 1.746708303521518815e+02
8.800000000000000000e+01 8.983366735600725406e+01
9.100000000000000000e+01 9.385084065499512462e+01
9.100000000000000000e+01 9.199482667472379660e+01
1.800000000000000000e+02 1.744197371492857087e+02
1.140000000000000000e+02 1.134753486426741773e+02
8.100000000000000000e+01 8.424660746274280143e+01
