4.300000000000000000e+01 5.233153258935621466e+01
3.460000000000000000e+02 3.384762639266798487e+02
3.600000000000000000e+02 3.514360489890007671e+02
3.340000000000000000e+02 3.266942466740908912e+02
3.550000000000000000e+02 3.462466643374443152e+02
3.960000000000000000e+02 3.842680202759208328e+02
1.000000000000000000e+02 1.076643457471522964e+02
2.490000000000000000e+02 2.460494567716099539e+02
3.050000000000000000e+02 2.993575754784719152e+02
4.000000000000000000e+02 3.877335713478231014e+02
3.070000000000000000e+02 3.015170813424240350e+02
3.990000000000000000e+02 3.868761569618745852e+02
3.470000000000000000e+02 3.397766609269230571e+02
2.940000000000000000e+02 2.893416076710166749e+02
2.710000000000000000e+02 2.669421522667481668e+02
4.700000000000000000e+01 5.621177124048254115e+01
3.820000000000000000e+02 3.717530107401697137e+02
3.050000000000000000e+02 2.995611906697651534e+02
3.410000000000000000e+02 3.335850978129422515e+02
1.320000000000000000e+02 1.341107091471577633e+02
3.430000000000000000e+02 3.349026550936640092e+02
1.790000000000000000e+02 1.801993138367849951e+02
1.610000000000000000e+02 1.623895413573772828e+02
1.190000000000000000e+02 1.247972603665492812e+02
2.750000000000000000e+02 2.711624096649007356e+02
3.420000000000000000e+02 3.341579526136603135e+02
1.260000000000000000e+02 1.293025969880293076e+02
3.750000000000000000e+02 3.656696438449512243e+02
5.100000000000000000e+01 6.018769248517655512e+01
3.360000000000000000e+02 3.283808467927908055e+02
3.180000000000000000e+02 3.117000281118326370e+02
9.500000000000000000e+01 1.031325492698663453e+02
2.660000000000000000e+02 2.623423689274698631e+02
1.790000000000000000e+02 1.805405921333235426e+02
3.690000000000000000e+02 3.600286601199799179e+02
7.800000000000000000e+01 8.477416261491009664e+01
3.190000000000000000e+02 3.123662786893622183e+02
2.970000000000000000e+02 2.916319155172453748e+02
5.200000000000000000e+01 6.122371283650188190e+01
3.660000000000000000e+02 3.569126737979462405e+02
2.250000000000000000e+02 2.238642557115421425e+02
2.920000000000000000e+02 2.872125114406649686e+02
7.400000000000000000e+01 8.185683716295609713e+01
6.300000000000000000e+01 7.119287689539332575e+01
3.790000000000000000e+02 3.701577155747257279e+02
3.610000000000000000e+02 3.523343749289618927e+02
5.200000000000000000e+01 6.058732306237509135e+01
6.500000000000000000e+01 7.409636604314860620e+01
2.770000000000000000e+02 2.725691732519151742e+02
1.870000000000000000e+02 1.877660424738466816e+02
3.500000000000000000e+01 4.637089244074348215e+01
3.130000000000000000e+02 3.075716432807376464e+02
3.020000000000000000e+02 2.964805167112297113e+02
3.030000000000000000e+02 2.974728075263400910e+02
3.860000000000000000e+02 3.757743389818329547e+02
2.020000000000000000e+02 2.016961034841374953e+02
2.550000000000000000e+02 2.523043364509301796e+02
3.000000000000000000e+02 2.949075512698851185e+02
3.400000000000000000e+02 3.327003359728961982e+02
1.230000000000000000e+02 1.282770002338170059e+02
2.200000000000000000e+01 3.411105124725299476e+01
2.560000000000000000e+02 2.538141747703116096e+02
2.330000000000000000e+02 2.308481055845440437e+02
8.100000000000000000e+01 8.763178391326025007e+01
3.280000000000000000e+02 3.213548409359621019e+02
3.470000000000000000e+02 3.396178253608082969e+02
1.020000000000000000e+02 1.088645499372790368e+02
6.000000000000000000e+01 6.863541584567239795e+01
3.200000000000000000e+01 4.305150863989345567e+01
3.010000000000000000e+02 2.963226017777486163e+02
1.370000000000000000e+02 1.410508096097655368e+02
3.400000000000000000e+01 4.443855811449331128e+01
3.100000000000000000e+02 3.044402505419834597e+02
2.700000000000000000e+01 3.863453662165842672e+01
1.480000000000000000e+02 1.496103651847030847e+02
2.860000000000000000e+02 2.814434767855321979e+02
4.200000000000000000e+01 5.140499318635893644e+01
2.820000000000000000e+02 2.774176689295849201e+02
3.770000000000000000e+02 3.679079025125269595e+02
3.190000000000000000e+02 3.126672688433453686e+02
1.980000000000000000e+02 1.977693051641016666e+02
1.270000000000000000e+02 1.323657329594357464e+02
2.500000000000000000e+01 3.637930205923434812e+01
1.160000000000000000e+02 1.189061921443316834e+02
3.300000000000000000e+01 4.315219764890585452e+01
2.870000000000000000e+02 2.823163245216032919e+02
2.440000000000000000e+02 2.416512116798999159e+02
5.000000000000000000e+01 5.851399331349615807e+01
2.600000000000000000e+02 2.568089934052105718e+02
3.120000000000000000e+02 3.076763783112254487e+02
3.600000000000000000e+02 3.509634185972710725e+02
2.050000000000000000e+02 2.041849572140852729e+02
3.720000000000000000e+02 3.617763060213194422e+02
1.560000000000000000e+02 1.580010116446091217e+02
3.750000000000000000e+02 3.649790313436411111e+02
2.960000000000000000e+02 2.909089179107168093e+02
2.200000000000000000e+01 3.409377461636336193e+01
3.000000000000000000e+02 2.946515384262252724e+02
1.480000000000000000e+02 1.513016321910390900e+02
5.900000000000000000e+01 6.703866116779860818e+01
2.640000000000000000e+02 2.602686134263568647e+02
2.630000000000000000e+02 2.599905167107359603e+02
2.470000000000000000e+02 2.457381450581714262e+02
7.100000000000000000e+01 7.929873938508934827e+01
3.810000000000000000e+02 3.714284320848686320e+02
3.490000000000000000e+02 3.405719194572279775e+02
2.190000000000000000e+02 2.187738610947222924e+02
2.600000000000000000e+01 3.772849496073657605e+01
1.340000000000000000e+02 1.379748822059875124e+02
3.720000000000000000e+02 3.631285052508000035e+02
2.900000000000000000e+02 2.858771715503958148e+02
3.870000000000000000e+02 3.761322433281907820e+02
3.700000000000000000e+01 4.722662078843846700e+01
7.100000000000000000e+01 7.946043515978345795e+01
2.210000000000000000e+02 2.198974832042381706e+02
1.980000000000000000e+02 1.980190182307143800e+02
2.380000000000000000e+02 2.362054284581419381e+02
2.970000000000000000e+02 2.916055848769830732e+02
3.840000000000000000e+02 3.730145169437152504e+02
2.920000000000000000e+02 2.876995374909453176e+02
1.710000000000000000e+02 1.723877608670547090e+02
2.610000000000000000e+02 2.577487582564970694e+02
7.400000000000000000e+01 8.142851835849609188e+01
3.830000000000000000e+02 3.724249073542712267e+02
3.140000000000000000e+02 3.076269782479516266e+02
1.060000000000000000e+02 1.116150657876207788e+02
2.840000000000000000e+02 2.792449064579252536e+02
2.800000000000000000e+02 2.764957643965761918e+02
3.100000000000000000e+01 4.212358940630485193e+01
3.560000000000000000e+02 3.478080477986437700e+02
4.000000000000000000e+02 3.877873221038144607e+02
3.410000000000000000e+02 3.332250464539180257e+02
3.300000000000000000e+01 4.384466787577041202e+01
3.830000000000000000e+02 3.720723868344122138e+02
2.320000000000000000e+02 2.291048528120441006e+02
2.900000000000000000e+01 3.991811778873574212e+01
3.040000000000000000e+02 2.985142106319588038e+02
2.880000000000000000e+02 2.849505955268837170e+02
1.110000000000000000e+02 1.138739030395682619e+02
2.660000000000000000e+02 2.620805762138969612e+02
4.700000000000000000e+01 5.639952862815819401e+01
4.000000000000000000e+02 3.877835262721994809e+02
3.500000000000000000e+01 4.564039277549420603e+01
2.650000000000000000e+02 2.624764193271118415e+02
2.600000000000000000e+02 2.566279884891947063e+02
5.500000000000000000e+01 6.335727808451603948e+01
6.200000000000000000e+01 7.011041547613153568e+01
3.950000000000000000e+02 3.834640562422051744e+02
3.790000000000000000e+02 3.686971424347967741e+02
1.890000000000000000e+02 1.894375630782243149e+02
2.800000000000000000e+01 3.928422017998555305e+01
1.060000000000000000e+02 1.131129252916456807e+02
3.000000000000000000e+02 2.947569953974982582e+02
1.490000000000000000e+02 1.501086892924450638e+02
2.870000000000000000e+02 2.823637673041241669e+02
4.100000000000000000e+01 5.065811359882628295e+01
2.330000000000000000e+02 2.317803365749101943e+02
2.080000000000000000e+02 2.078755851164017656e+02
2.880000000000000000e+02 2.831164862658608854e+02
2.700000000000000000e+01 3.803914011807323448e+01
1.400000000000000000e+02 1.442895554918660537e+02
4.100000000000000000e+01 5.077248805097114115e+01
4.800000000000000000e+01 5.661411036252933116e+01
4.000000000000000000e+02 3.877969516892997035e+02
2.800000000000000000e+01 3.943666873850508381e+01
1.000000000000000000e+02 1.029921961017361696e+02
3.030000000000000000e+02 2.978523673436708918e+02
2.790000000000000000e+02 2.755012410664333515e+02
4.000000000000000000e+02 3.877713069330851567e+02
2.300000000000000000e+01 3.485554265439888155e+01
5.600000000000000000e+01 6.482549235459674719e+01
3.230000000000000000e+02 3.164967043153073973e+02
2.600000000000000000e+02 2.568581357428715819e+02
1.600000000000000000e+02 1.622674291552906993e+02
2.700000000000000000e+02 2.671469409482465380e+02
3.740000000000000000e+02 3.641874754556226321e+02
1.950000000000000000e+02 1.950248851488671846e+02
3.290000000000000000e+02 3.229831999132163105e+02
1.900000000000000000e+02 1.884286369145388846e+02
2.430000000000000000e+02 2.403472919142639626e+02
1.730000000000000000e+02 1.746468249353036128e+02
3.030000000000000000e+02 2.979996431327975301e+02
3.130000000000000000e+02 3.069766498987150953e+02
8.500000000000000000e+01 9.356823528043985050e+01
3.050000000000000000e+02 2.994655316520693873e+02
2.070000000000000000e+02 2.074956965354491842e+02
3.140000000000000000e+02 3.078047638262976307e+02
2.240000000000000000e+02 2.218601559841226845e+02
1.850000000000000000e+02 1.858430182996841324e+02
2.210000000000000000e+02 2.201397099071797641e+02
4.700000000000000000e+01 5.683284690478657808e+01
1.080000000000000000e+02 1.144632264028932411e+02
3.000000000000000000e+02 2.945890371150340457e+02
4.000000000000000000e+02 3.877449747235671680e+02
2.980000000000000000e+02 2.938006374874249786e+02
1.580000000000000000e+02 1.580879158517218741e+02
2.930000000000000000e+02 2.888784243393939732e+02
3.670000000000000000e+02 3.572008372527738516e+02
3.150000000000000000e+02 3.086872001080074028e+02
2.370000000000000000e+02 2.347674648356061482e+02
3.150000000000000000e+02 3.088379467041887665e+02
9.100000000000000000e+01 9.745800963499249292e+01
2.360000000000000000e+02 2.336207923913009381e+02
1.360000000000000000e+02 1.401473253739832785e+02
2.230000000000000000e+02 2.212953154250143655e+02
2.380000000000000000e+02 2.357561773239089291e+02
7.900000000000000000e+01 8.672496100890015214e+01
1.910000000000000000e+02 1.919571011546717330e+02
2.550000000000000000e+02 2.515716154000192830e+02
8.900000000000000000e+01 9.503737850408114696e+01
1.500000000000000000e+02 1.527864194538121296e+02
1.890000000000000000e+02 1.903366930563743722e+02
1.410000000000000000e+02 1.453792644275407611e+02
1.530000000000000000e+02 1.544138386390957010e+02
3.790000000000000000e+02 3.690938152071968261e+02
3.180000000000000000e+02 3.127599312786031192e+02
2.900000000000000000e+02 2.855306003550286391e+02
5.700000000000000000e+01 6.639245321727094051e+01
1.580000000000000000e+02 1.600476682029438678e+02
5.500000000000000000e+01 6.357685715472242549e+01
3.220000000000000000e+02 3.174305718460632875e+02
2.340000000000000000e+02 2.315820097731494513e+02
2.450000000000000000e+02 2.428353451778135081e+02
1.240000000000000000e+02 1.266837743076299319e+02
1.110000000000000000e+02 1.159882197921384659e+02
1.680000000000000000e+02 1.699890829947112536e+02
4.000000000000000000e+01 4.917117408730202754e+01
3.490000000000000000e+02 3.414640535608149889e+02
3.900000000000000000e+02 3.794594256748109729e+02
3.100000000000000000e+01 4.174234036323552743e+01
2.390000000000000000e+02 2.373974559846380430e+02
3.090000000000000000e+02 3.030321336132249144e+02
2.100000000000000000e+01 3.326491168344111315e+01
3.300000000000000000e+02 3.228624536083414114e+02
4.000000000000000000e+02 3.877486934390203146e+02
2.690000000000000000e+02 2.661080122859964945e+02
2.140000000000000000e+02 2.135015969759905090e+02
3.950000000000000000e+02 3.837559650040950601e+02
1.700000000000000000e+02 1.693671921394383162e+02
1.060000000000000000e+02 1.099993945416684369e+02
3.700000000000000000e+02 3.599643612320286934e+02
1.260000000000000000e+02 1.310371222008156735e+02
3.990000000000000000e+02 3.868710541122342192e+02
3.420000000000000000e+02 3.353349362234857267e+02
4.300000000000000000e+01 5.241142402196362582e+01
7.800000000000000000e+01 8.251896258447334276e+01
3.720000000000000000e+02 3.629489857655061655e+02
2.510000000000000000e+02 2.481482553677689680e+02
3.690000000000000000e+02 3.606441915712162540e+02
2.360000000000000000e+02 2.340195672665201130e+02
4.500000000000000000e+01 5.412995109238730151e+01
3.190000000000000000e+02 3.131473840446577697e+02
2.700000000000000000e+01 3.861939495759180829e+01
3.830000000000000000e+02 3.728292117136363686e+02
3.910000000000000000e+02 3.798923974149200831e+02
3.110000000000000000e+02 3.059503569145843471e+02
2.900000000000000000e+01 4.008271004138867966e+01
1.640000000000000000e+02 1.662639091099149198e+02
4.800000000000000000e+01 5.627813085616814703e+01
1.350000000000000000e+02 1.378735800078696343e+02
2.180000000000000000e+02 2.176313250909218766e+02
1.790000000000000000e+02 1.812941755960536909e+02
3.630000000000000000e+02 3.535833386589716270e+02
5.700000000000000000e+01 6.559502916958616936e+01
2.910000000000000000e+02 2.868646508501876156e+02
7.200000000000000000e+01 8.203143144861280689e+01
8.800000000000000000e+01 9.681117929971082958e+01
4.000000000000000000e+01 4.987581295683013138e+01
1.800000000000000000e+02 1.807893264511479003e+02
2.550000000000000000e+02 2.520335045258020443e+02
3.900000000000000000e+02 3.789530460284489095e+02
3.270000000000000000e+02 3.201075609652121443e+02
2.600000000000000000e+01 3.775935419638597068e+01
2.870000000000000000e+02 2.821479371377193957e+02
3.400000000000000000e+01 4.431949061531761913e+01
1.540000000000000000e+02 1.563295605926986980e+02
6.400000000000000000e+01 7.198585880290428918e+01
2.700000000000000000e+01 3.844188193375050844e+01
1.280000000000000000e+02 1.334563452301268853e+02
3.270000000000000000e+02 3.200720935998899108e+02
2.070000000000000000e+02 2.063046880180096139e+02
3.060000000000000000e+02 3.007264576965571337e+02
7.900000000000000000e+01 8.603358307194052657e+01
3.000000000000000000e+01 4.135202748031116471e+01
3.420000000000000000e+02 3.348256442537497151e+02
3.460000000000000000e+02 3.382971133898077483e+02
3.400000000000000000e+01 4.507142274721358888e+01
2.600000000000000000e+01 3.780412559812512541e+01
2.030000000000000000e+02 2.030116692995265453e+02
3.410000000000000000e+02 3.337972356998873806e+02
8.300000000000000000e+01 8.932488841411687019e+01
8.700000000000000000e+01 9.601974335634039903e+01
1.210000000000000000e+02 1.240911558739829132e+02
8.100000000000000000e+01 8.637488680650449169e+01
1.470000000000000000e+02 1.502955630165234311e+02
4.100000000000000000e+01 5.055151172802148096e+01
7.700000000000000000e+01 8.480609589128525272e+01
1.760000000000000000e+02 1.772992776704931828e+02
1.830000000000000000e+02 1.834315119130978076e+02
2.400000000000000000e+02 2.383281622766525345e+02
3.670000000000000000e+02 3.576584966888403869e+02
2.300000000000000000e+02 2.284310203017321896e+02
3.610000000000000000e+02 3.527989186256097582e+02
6.300000000000000000e+01 7.164136548286914774e+01
3.750000000000000000e+02 3.648345668472586567e+02
8.000000000000000000e+01 8.928649369378717893e+01
3.540000000000000000e+02 3.462324928344623913e+02
2.890000000000000000e+02 2.842482344305309425e+02
1.740000000000000000e+02 1.753069730783116995e+02
2.120000000000000000e+02 2.091267355355175539e+02
3.200000000000000000e+02 3.132749224076702603e+02
1.610000000000000000e+02 1.634701243096788517e+02
3.310000000000000000e+02 3.241547802670466467e+02
2.730000000000000000e+02 2.687859038222268282e+02
2.850000000000000000e+02 2.809336070338313789e+02
5.800000000000000000e+01 6.641840099558518773e+01
1.640000000000000000e+02 1.666704769196192046e+02
3.980000000000000000e+02 3.860802562109498126e+02
3.900000000000000000e+02 3.786034470736635740e+02
3.400000000000000000e+01 4.462050977257085549e+01
3.100000000000000000e+02 3.039428739762427654e+02
6.500000000000000000e+01 7.363341321069503920e+01
1.230000000000000000e+02 1.251729698593065478e+02
3.380000000000000000e+02 3.303732831178411402e+02
1.080000000000000000e+02 1.149372344175182263e+02
3.740000000000000000e+02 3.643197934604604598e+02
7.300000000000000000e+01 7.884869732329489977e+01
3.780000000000000000e+02 3.681086648925051463e+02
3.080000000000000000e+02 3.027088620436473434e+02
2.200000000000000000e+02 2.181507746240981476e+02
1.850000000000000000e+02 1.862918582147204916e+02
2.880000000000000000e+02 2.832262655408133014e+02
2.910000000000000000e+02 2.863960376835021293e+02
2.070000000000000000e+02 2.063413680489353794e+02
8.600000000000000000e+01 9.144077758276409895e+01
1.540000000000000000e+02 1.565662109896518643e+02
8.600000000000000000e+01 8.985022462085080974e+01
2.880000000000000000e+02 2.829752261204536126e+02
4.400000000000000000e+01 5.298624491782403112e+01
3.700000000000000000e+01 4.740359152423195610e+01
1.650000000000000000e+02 1.667420642894795719e+02
6.200000000000000000e+01 6.915126000591484967e+01
3.930000000000000000e+02 3.817666344564638621e+02
3.760000000000000000e+02 3.660458390731818668e+02
3.050000000000000000e+02 2.997402580516998114e+02
1.930000000000000000e+02 1.942981450651026591e+02
3.380000000000000000e+02 3.305786101394598973e+02
1.330000000000000000e+02 1.380235537237779795e+02
2.750000000000000000e+02 2.717700791895839529e+02
1.060000000000000000e+02 1.131000393163665905e+02
2.550000000000000000e+02 2.528400260591258188e+02
3.080000000000000000e+02 3.021581806293018531e+02
2.920000000000000000e+02 2.868123908162638713e+02
2.430000000000000000e+02 2.410813076378606468e+02
6.600000000000000000e+01 7.396646631004566075e+01
1.330000000000000000e+02 1.353530964897522608e+02
1.810000000000000000e+02 1.829743901169806293e+02
3.370000000000000000e+02 3.295823065180534286e+02
4.600000000000000000e+01 5.740045695577086349e+01
3.550000000000000000e+02 3.469195080639483990e+02
2.070000000000000000e+02 2.076021166774260962e+02
2.350000000000000000e+02 2.332000918692273785e+02
3.490000000000000000e+02 3.406269073601182527e+02
7.100000000000000000e+01 7.921501435986220940e+01
3.770000000000000000e+02 3.677134689427201124e+02
3.670000000000000000e+02 3.571634687836493072e+02
2.840000000000000000e+02 2.795249510121318508e+02
2.620000000000000000e+02 2.594740794504452310e+02
1.410000000000000000e+02 1.443747289320034497e+02
3.600000000000000000e+01 4.638480885503495443e+01
1.260000000000000000e+02 1.298736290186372742e+02
4.200000000000000000e+01 5.238554003825220207e+01
7.500000000000000000e+01 8.328794226260961864e+01
3.260000000000000000e+02 3.191014024722293243e+02
1.160000000000000000e+02 1.223162888680063531e+02
4.500000000000000000e+01 5.460463224267658688e+01
3.890000000000000000e+02 3.776616840269970226e+02
1.260000000000000000e+02 1.310048453192988518e+02
3.060000000000000000e+02 3.004064697920388767e+02
3.800000000000000000e+01 4.808854558167856652e+01
3.990000000000000000e+02 3.869521586623813505e+02
1.180000000000000000e+02 1.238054097592971914e+02
3.900000000000000000e+02 3.787881836063289711e+02
2.740000000000000000e+02 2.698441290302188804e+02
5.900000000000000000e+01 6.606226076374667855e+01
8.900000000000000000e+01 9.570369196106771881e+01
1.990000000000000000e+02 1.987698353543207190e+02
2.590000000000000000e+02 2.555770927934848373e+02
2.420000000000000000e+02 2.393655961728324542e+02
9.200000000000000000e+01 9.857883231698495763e+01
1.900000000000000000e+02 1.903289631873481653e+02
1.580000000000000000e+02 1.598279053595323091e+02
4.600000000000000000e+01 5.528397940096486707e+01
8.100000000000000000e+01 8.825604484509815961e+01
2.910000000000000000e+02 2.862892909673998929e+02
6.100000000000000000e+01 6.945742341955418908e+01
3.670000000000000000e+02 3.566440063034715990e+02
3.650000000000000000e+02 3.553503619767644182e+02
2.480000000000000000e+02 2.458829051130320522e+02
6.900000000000000000e+01 7.657820742765412092e+01
2.470000000000000000e+02 2.441140578604780842e+02
2.500000000000000000e+01 3.642663875500775816e+01
6.800000000000000000e+01 7.652192339142682442e+01
3.760000000000000000e+02 3.654656495880548732e+02
5.400000000000000000e+01 6.544169070878848515e+01
1.420000000000000000e+02 1.453221176089255664e+02
3.300000000000000000e+01 4.336281484077053960e+01
2.610000000000000000e+02 2.575397628758295809e+02
6.400000000000000000e+01 7.170656002643757176e+01
3.860000000000000000e+02 3.761243791467280175e+02
2.940000000000000000e+02 2.889869925870850693e+02
3.270000000000000000e+02 3.197764425513128117e+02
9.800000000000000000e+01 1.027665311618500539e+02
2.900000000000000000e+02 2.857319178820458205e+02
6.900000000000000000e+01 7.493852682333422877e+01
3.320000000000000000e+02 3.248327209788395749e+02
3.490000000000000000e+02 3.411569755814638825e+02
3.560000000000000000e+02 3.479372917673946404e+02
1.460000000000000000e+02 1.498431265553550418e+02
3.900000000000000000e+02 3.790922769621390103e+02
5.900000000000000000e+01 6.694035684462767222e+01
3.770000000000000000e+02 3.668581271021746488e+02
2.850000000000000000e+02 2.812841554052443485e+02
3.230000000000000000e+02 3.162438963983328790e+02
2.830000000000000000e+02 2.789827919076964236e+02
1.840000000000000000e+02 1.848969800019625040e+02
3.400000000000000000e+01 4.438427395206429082e+01
2.040000000000000000e+02 2.040427465992235057e+02
3.210000000000000000e+02 3.142720679715413894e+02
8.700000000000000000e+01 9.114233919976388165e+01
1.480000000000000000e+02 1.517937422779327790e+02
3.600000000000000000e+02 3.510997862082566030e+02
3.480000000000000000e+02 3.400765372248174003e+02
3.470000000000000000e+02 3.385501472220751680e+02
2.580000000000000000e+02 2.558406249432797779e+02
2.200000000000000000e+02 2.189734529676938166e+02
3.100000000000000000e+02 3.052847457531300392e+02
3.540000000000000000e+02 3.451479174533833429e+02
3.030000000000000000e+02 2.982571051678830827e+02
2.490000000000000000e+02 2.466883600172699573e+02
3.130000000000000000e+02 3.068831152819014960e+02
1.060000000000000000e+02 1.117572125197351198e+02
2.560000000000000000e+02 2.532857984075337185e+02
2.380000000000000000e+02 2.356946955507521864e+02
2.300000000000000000e+02 2.291273948792656370e+02
1.840000000000000000e+02 1.849664857660858956e+02
2.530000000000000000e+02 2.499625035122816996e+02
1.670000000000000000e+02 1.689910671046172013e+02
3.910000000000000000e+02 3.804371907041418694e+02
1.990000000000000000e+02 2.001505409704948590e+02
2.860000000000000000e+02 2.824722611062978217e+02
2.560000000000000000e+02 2.532956365263024168e+02
3.790000000000000000e+02 3.687847827548505393e+02
3.500000000000000000e+02 3.417687500082109295e+02
3.530000000000000000e+02 3.447453644365226637e+02
2.580000000000000000e+02 2.548394615685980966e+02
6.600000000000000000e+01 7.439242752650275747e+01
4.700000000000000000e+01 5.752727875418520398e+01
4.500000000000000000e+01 5.472978498801015235e+01
3.520000000000000000e+02 3.435961352548342802e+02
3.050000000000000000e+02 2.995091297439922187e+02
2.170000000000000000e+02 2.162126654819836062e+02
3.890000000000000000e+02 3.774598185950104607e+02
3.440000000000000000e+02 3.364630719468824509e+02
3.220000000000000000e+02 3.149702673645800246e+02
1.310000000000000000e+02 1.328176247985967109e+02
1.130000000000000000e+02 1.188098572299880402e+02
3.340000000000000000e+02 3.272301076566103006e+02
3.820000000000000000e+02 3.714304284096980950e+02
1.510000000000000000e+02 1.545855670946533849e+02
3.580000000000000000e+02 3.486178448316202321e+02
5.100000000000000000e+01 6.026548086083725053e+01
3.300000000000000000e+01 4.360868936328355261e+01
1.700000000000000000e+02 1.724643902144903507e+02
1.780000000000000000e+02 1.792594318415976034e+02
3.280000000000000000e+02 3.207086687382639525e+02
1.660000000000000000e+02 1.676814282168384409e+02
3.230000000000000000e+02 3.173148318078887655e+02
1.600000000000000000e+02 1.603025603754498718e+02
2.150000000000000000e+02 2.142949892397496683e+02
2.760000000000000000e+02 2.728353952425697457e+02
1.080000000000000000e+02 1.102616140784918599e+02
3.340000000000000000e+02 3.271181003377697039e+02
1.920000000000000000e+02 1.925787161192934889e+02
1.010000000000000000e+02 1.082277056953017080e+02
2.690000000000000000e+02 2.650569814868523508e+02
2.750000000000000000e+02 2.704602105318036251e+02
2.200000000000000000e+01 3.412265292169253428e+01
2.440000000000000000e+02 2.414515782309602514e+02
1.300000000000000000e+02 1.350849977852586221e+02
3.270000000000000000e+02 3.197108375777348783e+02
1.420000000000000000e+02 1.459709410057882053e+02
1.520000000000000000e+02 1.542206677400982642e+02
1.570000000000000000e+02 1.601360394006592287e+02
1.700000000000000000e+02 1.717003728807132177e+02
1.350000000000000000e+02 1.392639475945380809e+02
2.900000000000000000e+02 2.856148652792388134e+02
2.100000000000000000e+01 3.320779883858163828e+01
6.300000000000000000e+01 7.388366414068308075e+01
1.260000000000000000e+02 1.284044086080095610e+02
3.800000000000000000e+01 4.815175733913783063e+01
3.730000000000000000e+02 3.630886597780721559e+02
1.150000000000000000e+02 1.213556890973398197e+02
2.080000000000000000e+02 2.074956247910151603e+02
3.810000000000000000e+02 3.715162085018833977e+02
3.940000000000000000e+02 3.823171972966095495e+02
1.650000000000000000e+02 1.674314383073286194e+02
5.400000000000000000e+01 6.369239939185096944e+01
1.170000000000000000e+02 1.227388568598981777e+02
2.550000000000000000e+02 2.528328907671426293e+02
2.700000000000000000e+02 2.661337837280633494e+02
1.980000000000000000e+02 1.959205251043798341e+02
3.650000000000000000e+02 3.557810184512603087e+02
3.870000000000000000e+02 3.759877532654537049e+02
1.910000000000000000e+02 1.910492390539249641e+02
3.100000000000000000e+01 4.175766758410814816e+01
2.540000000000000000e+02 2.511225125614106446e+02
1.980000000000000000e+02 1.970188119611498223e+02
1.140000000000000000e+02 1.203235105571441750e+02
2.920000000000000000e+02 2.879704431185463136e+02
3.200000000000000000e+02 3.134781984044321916e+02
2.260000000000000000e+02 2.249376065995841714e+02
3.580000000000000000e+02 3.496483694023683029e+02
2.170000000000000000e+02 2.156068917408705090e+02
5.700000000000000000e+01 6.602755818658224030e+01
1.820000000000000000e+02 1.827207975213796658e+02
3.360000000000000000e+02 3.283529430446895958e+02
3.900000000000000000e+02 3.785746064143770582e+02
1.480000000000000000e+02 1.485940896444487294e+02
3.770000000000000000e+02 3.676317063478713862e+02
2.340000000000000000e+02 2.324319465848538755e+02
1.530000000000000000e+02 1.564773864253799900e+02
1.890000000000000000e+02 1.889611088442203197e+02
1.000000000000000000e+02 1.034600634826551300e+02
2.110000000000000000e+02 2.108519228711228379e+02
9.400000000000000000e+01 1.021196095619635145e+02
1.470000000000000000e+02 1.510888668745971586e+02
2.760000000000000000e+02 2.718016974856535057e+02
1.320000000000000000e+02 1.359753596662330040e+02
7.300000000000000000e+01 8.301725687484369587e+01
1.370000000000000000e+02 1.416883628593863875e+02
3.540000000000000000e+02 3.459311402451970139e+02
2.290000000000000000e+02 2.282311744289954447e+02
3.630000000000000000e+02 3.535988635282710675e+02
4.000000000000000000e+02 3.877658219174273881e+02
1.530000000000000000e+02 1.552790439972401657e+02
9.700000000000000000e+01 1.041181220006833001e+02
5.400000000000000000e+01 6.300366149178131536e+01
2.970000000000000000e+02 2.920183386205254692e+02
2.470000000000000000e+02 2.441146941172481490e+02
3.660000000000000000e+02 3.566187280014750627e+02
1.770000000000000000e+02 1.760614160543644857e+02
2.810000000000000000e+02 2.763148630700097215e+02
2.470000000000000000e+02 2.449814353603774464e+02
2.000000000000000000e+02 1.993927442526789662e+02
5.000000000000000000e+01 5.870531523106677696e+01
3.500000000000000000e+01 4.546802239726931560e+01
3.610000000000000000e+02 3.515460257996932683e+02
1.430000000000000000e+02 1.471793971785738790e+02
3.900000000000000000e+02 3.789644818252158984e+02
2.710000000000000000e+02 2.673039886689406899e+02
1.710000000000000000e+02 1.730078168743225149e+02
1.870000000000000000e+02 1.871297140734564266e+02
3.550000000000000000e+02 3.468854612364668242e+02
1.970000000000000000e+02 1.973020628655532107e+02
3.750000000000000000e+02 3.659414804572966204e+02
3.970000000000000000e+02 3.853076511777130690e+02
3.400000000000000000e+02 3.320819489923262608e+02
3.580000000000000000e+02 3.493185235172583702e+02
3.500000000000000000e+02 3.414647874600698287e+02
1.720000000000000000e+02 1.729979747469639619e+02
2.130000000000000000e+02 2.112293085205370744e+02
2.130000000000000000e+02 2.131822034570511732e+02
9.500000000000000000e+01 1.035931340980126407e+02
7.700000000000000000e+01 8.667997316372702699e+01
6.400000000000000000e+01 7.043641217692093903e+01
8.100000000000000000e+01 8.608738343691405248e+01
3.900000000000000000e+02 3.787249747946094089e+02
4.200000000000000000e+01 5.223726364800022282e+01
2.740000000000000000e+02 2.718539174834348842e+02
7.900000000000000000e+01 8.534189166748600996e+01
3.520000000000000000e+02 3.441795563739887598e+02
3.730000000000000000e+02 3.628680471734011235e+02
3.910000000000000000e+02 3.803474282205001487e+02
3.810000000000000000e+02 3.701173754709681134e+02
3.730000000000000000e+02 3.640025362899163497e+02
3.990000000000000000e+02 3.868919464316839480e+02
1.950000000000000000e+02 1.954257572824778322e+02
3.330000000000000000e+02 3.258045369761400707e+02
3.410000000000000000e+02 3.343958653119802307e+02
2.510000000000000000e+02 2.484695823311181471e+02
3.490000000000000000e+02 3.413614317361225972e+02
7.500000000000000000e+01 8.287353299301659604e+01
2.790000000000000000e+02 2.752475984837971623e+02
4.900000000000000000e+01 5.808955146985810813e+01
2.820000000000000000e+02 2.778412360970421560e+02
2.480000000000000000e+02 2.454530293595640273e+02
9.500000000000000000e+01 1.032013846876893695e+02
3.900000000000000000e+01 4.962739194246364605e+01
3.530000000000000000e+02 3.447289810007106325e+02
7.900000000000000000e+01 8.668706041075517987e+01
1.920000000000000000e+02 1.930802695693874682e+02
1.990000000000000000e+02 1.991057644390902510e+02
8.600000000000000000e+01 9.361649549904892353e+01
1.810000000000000000e+02 1.819478561995636028e+02
3.260000000000000000e+02 3.192118953853474181e+02
4.700000000000000000e+01 5.607203634544819693e+01
5.400000000000000000e+01 6.375128183720230624e+01
3.710000000000000000e+02 3.612122125847513416e+02
3.260000000000000000e+02 3.193624176326955535e+02
1.310000000000000000e+02 1.337133223000189162e+02
2.400000000000000000e+01 3.576572646686031476e+01
2.540000000000000000e+02 2.512879232362029143e+02
2.260000000000000000e+02 2.240640809767003532e+02
1.040000000000000000e+02 1.106718668365612928e+02
3.300000000000000000e+02 3.245888742468071086e+02
4.000000000000000000e+02 3.877872016015702457e+02
1.310000000000000000e+02 1.354243458158092608e+02
6.000000000000000000e+01 6.866066092552023292e+01
2.690000000000000000e+02 2.655852469936517082e+02
5.400000000000000000e+01 6.412683027735747032e+01
3.300000000000000000e+01 4.312257815790448490e+01
1.260000000000000000e+02 1.313016820610215234e+02
1.150000000000000000e+02 1.173789829446787394e+02
3.670000000000000000e+02 3.575793308524243912e+02
2.180000000000000000e+02 2.170384524102021260e+02
1.060000000000000000e+02 1.113127060154723011e+02
3.900000000000000000e+02 3.785852290258718540e+02
1.680000000000000000e+02 1.704858869574526636e+02
4.000000000000000000e+02 3.877339398051101398e+02
1.490000000000000000e+02 1.516702052961727816e+02
1.990000000000000000e+02 1.981701830417492260e+02
6.200000000000000000e+01 7.016452551828916739e+01
1.220000000000000000e+02 1.262941280640747834e+02
2.310000000000000000e+02 2.289361071918331163e+02
3.330000000000000000e+02 3.273557507063614480e+02
3.620000000000000000e+02 3.530187535996706742e+02
3.990000000000000000e+02 3.869505913723630783e+02
1.240000000000000000e+02 1.295608565397572534e+02
1.170000000000000000e+02 1.226409828255444125e+02
2.650000000000000000e+02 2.611678114973689162e+02
2.390000000000000000e+02 2.375681534122935830e+02
7.800000000000000000e+01 8.528091200615581613e+01
2.240000000000000000e+02 2.227571170330685959e+02
3.370000000000000000e+02 3.301052324338659218e+02
3.200000000000000000e+01 4.259609646470587307e+01
3.970000000000000000e+02 3.851207870221568896e+02
6.900000000000000000e+01 7.641428765040251392e+01
2.990000000000000000e+02 2.944107174155541315e+02
1.790000000000000000e+02 1.807762072103126343e+02
2.020000000000000000e+02 2.015873283534374991e+02
2.340000000000000000e+02 2.328850461774380278e+02
2.680000000000000000e+02 2.654330802344259155e+02
1.010000000000000000e+02 1.078191416532747837e+02
1.330000000000000000e+02 1.371968489433990044e+02
1.120000000000000000e+02 1.174120734055128139e+02
2.120000000000000000e+02 2.114206839068869215e+02
1.050000000000000000e+02 1.079998757452210185e+02
2.270000000000000000e+02 2.243148383636132621e+02
2.610000000000000000e+02 2.578006965615657577e+02
2.530000000000000000e+02 2.510972786140154369e+02
4.900000000000000000e+01 5.810156066660338325e+01
1.400000000000000000e+02 1.446087257903363934e+02
4.100000000000000000e+01 5.153014283472597867e+01
9.400000000000000000e+01 9.978684168921292041e+01
2.760000000000000000e+02 2.718157064708476014e+02
3.800000000000000000e+01 4.778771619616935595e+01
1.940000000000000000e+02 1.942663519856328378e+02
4.000000000000000000e+01 5.033164031103994063e+01
1.110000000000000000e+02 1.175739102243191496e+02
3.910000000000000000e+02 3.799267904841750010e+02
2.610000000000000000e+02 2.571645480742163272e+02
3.200000000000000000e+01 4.248030621588240763e+01
3.360000000000000000e+02 3.290807894739517678e+02
2.100000000000000000e+01 3.317950438015795811e+01
6.400000000000000000e+01 7.225224983672015355e+01
3.060000000000000000e+02 3.017446838044631363e+02
6.200000000000000000e+01 7.186259094450598184e+01
1.170000000000000000e+02 1.216127949257423211e+02
3.230000000000000000e+02 3.173288170572212152e+02
2.540000000000000000e+02 2.511177295985580145e+02
3.600000000000000000e+01 4.677015814225147494e+01
3.000000000000000000e+01 4.057805294453872591e+01
3.430000000000000000e+02 3.349079695830471906e+02
2.040000000000000000e+02 2.033107228023818323e+02
2.670000000000000000e+02 2.640219971645292958e+02
3.420000000000000000e+02 3.344287106695881562e+02
1.390000000000000000e+02 1.426470965442501608e+02
3.910000000000000000e+02 3.801089442350668151e+02
5.800000000000000000e+01 6.510697472172030587e+01
1.480000000000000000e+02 1.502940048862293168e+02
2.060000000000000000e+02 2.055695598967796229e+02
2.300000000000000000e+02 2.283046367302376041e+02
1.060000000000000000e+02 1.123283726625362391e+02
3.700000000000000000e+01 4.773136270992309704e+01
2.100000000000000000e+01 3.316842553274020133e+01
3.540000000000000000e+02 3.451126002572867719e+02
5.400000000000000000e+01 6.239585810006131084e+01
3.320000000000000000e+02 3.249162468589502737e+02
1.520000000000000000e+02 1.549160455964867253e+02
3.300000000000000000e+01 4.409122956499007984e+01
2.500000000000000000e+01 3.673523047748849280e+01
3.180000000000000000e+02 3.134414000732763270e+02
3.830000000000000000e+02 3.728266706741591179e+02
2.030000000000000000e+02 2.027943614327123214e+02
2.970000000000000000e+02 2.922935795677772717e+02
3.540000000000000000e+02 3.463592983961903542e+02
1.490000000000000000e+02 1.516088981912136262e+02
1.010000000000000000e+02 1.071558843081133148e+02
1.700000000000000000e+02 1.725648536090060361e+02
3.660000000000000000e+02 3.559788531673063972e+02
1.640000000000000000e+02 1.666150429563270450e+02
2.650000000000000000e+02 2.624321801520640065e+02
3.960000000000000000e+02 3.842967803246920084e+02
3.440000000000000000e+02 3.358529854973948545e+02
4.100000000000000000e+01 5.117684144566251803e+01
3.130000000000000000e+02 3.067065758980353962e+02
3.780000000000000000e+02 3.674737397130705858e+02
9.300000000000000000e+01 9.727436807599362112e+01
1.610000000000000000e+02 1.631940574248227165e+02
3.300000000000000000e+02 3.244475813826210242e+02
2.290000000000000000e+02 2.276189213464020611e+02
2.060000000000000000e+02 2.052754001773169819e+02
3.080000000000000000e+02 3.022009881109970593e+02
1.710000000000000000e+02 1.726909170510389515e+02
2.100000000000000000e+02 2.096013404163771554e+02
2.280000000000000000e+02 2.266595625138566277e+02
7.300000000000000000e+01 8.047946892714604417e+01
3.520000000000000000e+02 3.434025393585774850e+02
1.380000000000000000e+02 1.397629091116014308e+02
3.780000000000000000e+02 3.682468774952030799e+02
2.830000000000000000e+02 2.804964451480767025e+02
5.300000000000000000e+01 6.068003354056574494e+01
2.380000000000000000e+02 2.361870650927135671e+02
2.500000000000000000e+01 3.690799957730034464e+01
3.200000000000000000e+02 3.132540648503796206e+02
3.310000000000000000e+02 3.233557196191130743e+02
3.850000000000000000e+02 3.740478829270872438e+02
3.740000000000000000e+02 3.653826400136335906e+02
3.750000000000000000e+02 3.640800907677797795e+02
3.190000000000000000e+02 3.122692797868481307e+02
1.880000000000000000e+02 1.886449765580587155e+02
2.960000000000000000e+02 2.908910214828296148e+02
1.930000000000000000e+02 1.933821235349741130e+02
1.810000000000000000e+02 1.821114657819923366e+02
3.470000000000000000e+02 3.397096510471880038e+02
3.170000000000000000e+02 3.107091519909802741e+02
6.700000000000000000e+01 7.473821252161374673e+01
9.500000000000000000e+01 1.004134459338537653e+02
3.640000000000000000e+02 3.546857341129227734e+02
9.800000000000000000e+01 1.046680648474806787e+02
3.150000000000000000e+02 3.084981401296190597e+02
2.660000000000000000e+02 2.623510445020315842e+02
1.300000000000000000e+02 1.347927273239938586e+02
2.810000000000000000e+02 2.776363566925190298e+02
1.650000000000000000e+02 1.654731516278387176e+02
3.170000000000000000e+02 3.107674469193987079e+02
2.730000000000000000e+02 2.688363774364461278e+02
1.370000000000000000e+02 1.383608666164556666e+02
1.100000000000000000e+02 1.158709318389449408e+02
3.400000000000000000e+02 3.323856228094952030e+02
3.260000000000000000e+02 3.196589013626160636e+02
3.900000000000000000e+01 4.936027155974519331e+01
5.400000000000000000e+01 6.316519960415377710e+01
8.400000000000000000e+01 9.075285309601758854e+01
2.180000000000000000e+02 2.171244593741646725e+02
7.100000000000000000e+01 8.055024039506839983e+01
8.300000000000000000e+01 8.863064999231971797e+01
4.200000000000000000e+01 5.167695856613923411e+01
2.760000000000000000e+02 2.719044174233803233e+02
2.190000000000000000e+02 2.185387796400368927e+02
1.440000000000000000e+02 1.472529946451117553e+02
1.960000000000000000e+02 1.969518910397225682e+02
3.180000000000000000e+02 3.121019652044469126e+02
5.000000000000000000e+01 5.941764570609595353e+01
2.250000000000000000e+02 2.233502075101322646e+02
3.700000000000000000e+01 4.653871602312543843e+01
3.760000000000000000e+02 3.656463073972520306e+02
7.100000000000000000e+01 7.845699953187472886e+01
3.700000000000000000e+02 3.608194535716851874e+02
2.330000000000000000e+02 2.312999008136364125e+02
3.400000000000000000e+02 3.324237287008177191e+02
1.050000000000000000e+02 1.098430239174728626e+02
2.530000000000000000e+02 2.497661366271767349e+02
1.860000000000000000e+02 1.869415356442866596e+02
3.460000000000000000e+02 3.388653583418575863e+02
3.210000000000000000e+02 3.139187522287111847e+02
1.750000000000000000e+02 1.765412386539677243e+02
6.700000000000000000e+01 7.484100146014253596e+01
3.400000000000000000e+02 3.328459001992572439e+02
4.500000000000000000e+01 5.461974340439861209e+01
1.760000000000000000e+02 1.775656414547832469e+02
1.710000000000000000e+02 1.732782100453325995e+02
1.580000000000000000e+02 1.607403139124034226e+02
1.890000000000000000e+02 1.895266511038666408e+02
2.400000000000000000e+01 3.571646097427354505e+01
1.350000000000000000e+02 1.401673087806283888e+02
2.730000000000000000e+02 2.700761461013175904e+02
4.600000000000000000e+01 5.496452282726962579e+01
1.440000000000000000e+02 1.470262879290368403e+02
5.300000000000000000e+01 6.080542192335396834e+01
1.200000000000000000e+02 1.216260947013547309e+02
1.510000000000000000e+02 1.538901755734391656e+02
3.160000000000000000e+02 3.096498959084881335e+02
2.790000000000000000e+02 2.745648683674653512e+02
2.340000000000000000e+02 2.321490139393804952e+02
8.000000000000000000e+01 8.939315767758554898e+01
1.970000000000000000e+02 1.963379823106319293e+02
8.300000000000000000e+01 9.283848256577631730e+01
2.480000000000000000e+02 2.451374849812551133e+02
2.930000000000000000e+02 2.882697979852067647e+02
3.620000000000000000e+02 3.533010883757417560e+02
3.410000000000000000e+02 3.343165834031173631e+02
4.700000000000000000e+01 5.774646423897907965e+01
3.620000000000000000e+02 3.540678857874137861e+02
2.110000000000000000e+02 2.105287095982110941e+02
2.800000000000000000e+01 3.903133907289246451e+01
5.700000000000000000e+01 6.542888934239020671e+01
1.580000000000000000e+02 1.610922014021488451e+02
3.860000000000000000e+02 3.758726339604361897e+02
2.520000000000000000e+02 2.489357775061108384e+02
6.700000000000000000e+01 7.721753788407292518e+01
1.450000000000000000e+02 1.491687472199794797e+02
5.900000000000000000e+01 6.713834607663103782e+01
2.110000000000000000e+02 2.096228280258952168e+02
1.720000000000000000e+02 1.727738826349515477e+02
5.300000000000000000e+01 6.187876635253519453e+01
3.340000000000000000e+02 3.270492605656335741e+02
1.080000000000000000e+02 1.137927165287290023e+02
9.600000000000000000e+01 9.911437002516807127e+01
1.880000000000000000e+02 1.889161333929817488e+02
1.050000000000000000e+02 1.109802899589935379e+02
9.300000000000000000e+01 9.665646860031444021e+01
5.300000000000000000e+01 6.215614398837993804e+01
4.700000000000000000e+01 5.560859952107180959e+01
3.900000000000000000e+02 3.783448331513783387e+02
2.870000000000000000e+02 2.830951719515690002e+02
3.300000000000000000e+01 4.317690188934473383e+01
3.680000000000000000e+02 3.587798185279067980e+02
2.150000000000000000e+02 2.141387809694170130e+02
3.490000000000000000e+02 3.413232831208526363e+02
1.430000000000000000e+02 1.474616570023344480e+02
1.790000000000000000e+02 1.809674533311827247e+02
8.500000000000000000e+01 9.190329524972483455e+01
1.140000000000000000e+02 1.201214431054381464e+02
2.400000000000000000e+01 3.583952477545845028e+01
1.000000000000000000e+02 1.077055940057314984e+02
1.640000000000000000e+02 1.664150456946474321e+02
2.850000000000000000e+02 2.803813803159946474e+02
3.990000000000000000e+02 3.868246264485919141e+02
3.270000000000000000e+02 3.201086964632587524e+02
1.570000000000000000e+02 1.603192389892575420e+02
3.250000000000000000e+02 3.197742003590565787e+02
1.730000000000000000e+02 1.752210239629615103e+02
3.530000000000000000e+02 3.442018958466030085e+02
1.120000000000000000e+02 1.156633423180357170e+02
2.700000000000000000e+02 2.660756914159341591e+02
7.600000000000000000e+01 8.430846678347339207e+01
2.470000000000000000e+02 2.446027300652988288e+02
7.000000000000000000e+01 7.727863960935128773e+01
1.610000000000000000e+02 1.640293222865591929e+02
2.140000000000000000e+02 2.130362678087609538e+02
2.930000000000000000e+02 2.888932604792102552e+02
3.330000000000000000e+02 3.253429345914314013e+02
5.900000000000000000e+01 6.762983520451759034e+01
3.850000000000000000e+02 3.736630155744219337e+02
1.970000000000000000e+02 1.973024848680635159e+02
2.370000000000000000e+02 2.357125911049569709e+02
4.400000000000000000e+01 5.378820506712161631e+01
1.600000000000000000e+02 1.624982653513178548e+02
2.300000000000000000e+02 2.282930658777498536e+02
1.390000000000000000e+02 1.424842973534178157e+02
1.440000000000000000e+02 1.480634950394361056e+02
2.300000000000000000e+02 2.274056019548170582e+02
3.790000000000000000e+02 3.681346761471461946e+02
1.020000000000000000e+02 1.077337452504163622e+02
2.640000000000000000e+02 2.612494206247438342e+02
6.700000000000000000e+01 7.410353185388223096e+01
3.360000000000000000e+02 3.297134735560462104e+02
3.670000000000000000e+02 3.576181235183361764e+02
3.250000000000000000e+02 3.183000479684689026e+02
3.480000000000000000e+02 3.398228164554274144e+02
2.240000000000000000e+02 2.235705118688547941e+02
1.000000000000000000e+02 1.053819073224554614e+02
1.410000000000000000e+02 1.432191540342377891e+02
3.810000000000000000e+02 3.708035545682481597e+02
2.020000000000000000e+02 2.022641808017088181e+02
2.450000000000000000e+02 2.431662712951360561e+02
9.400000000000000000e+01 1.012254158397874022e+02
3.710000000000000000e+02 3.602981942887246873e+02
1.690000000000000000e+02 1.709781833762380359e+02
1.960000000000000000e+02 1.966646039883365802e+02
4.400000000000000000e+01 5.539860233623936381e+01
2.840000000000000000e+02 2.804647130240028332e+02
2.610000000000000000e+02 2.584423131746221998e+02
1.480000000000000000e+02 1.519276319490913636e+02
2.410000000000000000e+02 2.390165960306568707e+02
1.210000000000000000e+02 1.261547831783986027e+02
8.100000000000000000e+01 8.840636654538189987e+01
2.070000000000000000e+02 2.069582317026477654e+02
2.840000000000000000e+02 2.800430883041226480e+02
3.270000000000000000e+02 3.198879724598606913e+02
9.100000000000000000e+01 9.875558754054603128e+01
6.500000000000000000e+01 7.533359395025311755e+01
2.140000000000000000e+02 2.138825401123884546e+02
8.900000000000000000e+01 9.397297026621889415e+01
2.750000000000000000e+02 2.712930783644532653e+02
1.500000000000000000e+02 1.534631256998287938e+02
2.130000000000000000e+02 2.122038855279355971e+02
6.200000000000000000e+01 7.102018614790429751e+01
2.800000000000000000e+02 2.766292472783201788e+02
1.910000000000000000e+02 1.922305092686061130e+02
1.470000000000000000e+02 1.509291940927209339e+02
7.500000000000000000e+01 8.193905898426913836e+01
1.830000000000000000e+02 1.833576745619070039e+02
1.760000000000000000e+02 1.779201101966115743e+02
1.940000000000000000e+02 1.945524844821572401e+02
2.970000000000000000e+02 2.921445531895576551e+02
1.820000000000000000e+02 1.809756499404549004e+02
2.210000000000000000e+02 2.182528025250932728e+02
5.800000000000000000e+01 6.913053965627777586e+01
1.150000000000000000e+02 1.205926272329505906e+02
2.480000000000000000e+02 2.452796222949320963e+02
1.970000000000000000e+02 1.975412898740241019e+02
1.500000000000000000e+02 1.506459540044692744e+02
1.860000000000000000e+02 1.868358812987249280e+02
3.140000000000000000e+02 3.079089444556247486e+02
2.250000000000000000e+02 2.235867386604514309e+02
1.050000000000000000e+02 1.111909668532074704e+02
3.980000000000000000e+02 3.860956851988011636e+02
2.260000000000000000e+02 2.250875552223970431e+02
2.000000000000000000e+02 2.008788513539191172e+02
3.360000000000000000e+02 3.284962389509876175e+02
7.300000000000000000e+01 8.051656931471997325e+01
1.820000000000000000e+02 1.825322478602672049e+02
3.710000000000000000e+02 3.620628723760451066e+02
3.070000000000000000e+02 3.017637696807274210e+02
1.400000000000000000e+02 1.431732438781763506e+02
8.700000000000000000e+01 9.332773145759976785e+01
2.840000000000000000e+02 2.800445509962872279e+02
3.570000000000000000e+02 3.485306794857982595e+02
1.020000000000000000e+02 1.064138075540305266e+02
3.130000000000000000e+02 3.069079538227693433e+02
2.800000000000000000e+01 3.921176063418187141e+01
3.200000000000000000e+02 3.135991314654091298e+02
1.550000000000000000e+02 1.585267867112505371e+02
3.050000000000000000e+02 2.993860306483186378e+02
8.600000000000000000e+01 9.054525414274827710e+01
1.100000000000000000e+02 1.162775857439438312e+02
1.120000000000000000e+02 1.149621907541188648e+02
5.900000000000000000e+01 6.721364783893039885e+01
1.720000000000000000e+02 1.736358691019223954e+02
1.780000000000000000e+02 1.797016751414601288e+02
2.280000000000000000e+02 2.264566494924073368e+02
1.540000000000000000e+02 1.573058929667415953e+02
5.600000000000000000e+01 6.495951488497873072e+01
8.000000000000000000e+01 8.800975544357137892e+01
9.800000000000000000e+01 1.035297995135517368e+02
8.900000000000000000e+01 9.850940820878476245e+01
1.720000000000000000e+02 1.731859570767903165e+02
7.300000000000000000e+01 7.827129548427211603e+01
1.840000000000000000e+02 1.858564057252806663e+02
5.400000000000000000e+01 6.205517814216362638e+01
1.090000000000000000e+02 1.135706944495276360e+02
2.100000000000000000e+01 3.323719417188828373e+01
8.500000000000000000e+01 9.284816715388504349e+01
2.580000000000000000e+02 2.546883450362465169e+02
3.400000000000000000e+01 4.469417607246581525e+01
8.900000000000000000e+01 9.435123408026089464e+01
2.030000000000000000e+02 2.023748299984715118e+02
2.600000000000000000e+02 2.567599927278293990e+02
2.180000000000000000e+02 2.172367597664556627e+02
1.110000000000000000e+02 1.144906243338712244e+02
2.970000000000000000e+02 2.923561629755026274e+02
5.200000000000000000e+01 6.063704933622062754e+01
1.810000000000000000e+02 1.823362515178467902e+02
8.800000000000000000e+01 9.265816320801695838e+01
9.400000000000000000e+01 1.003909751252150784e+02
8.100000000000000000e+01 8.713932462256957479e+01
9.200000000000000000e+01 9.881239171327594306e+01
4.500000000000000000e+01 5.562643811004551964e+01
8.400000000000000000e+01 9.048587485598947922e+01
3.620000000000000000e+02 3.521644107453046217e+02
4.000000000000000000e+02 3.876378437370318579e+02
7.200000000000000000e+01 8.022208314895821957e+01
1.770000000000000000e+02 1.777764667354364008e+02
1.650000000000000000e+02 1.673233828462709312e+02
2.180000000000000000e+02 2.169422015387627880e+02
1.280000000000000000e+02 1.336159325170594059e+02
3.480000000000000000e+02 3.402500880835838757e+02
3.530000000000000000e+02 3.441772124627210587e+02
2.180000000000000000e+02 2.165327148596052496e+02
1.130000000000000000e+02 1.190132045408081609e+02
2.710000000000000000e+02 2.670409332857459503e+02
3.060000000000000000e+02 3.002191245434595430e+02
2.770000000000000000e+02 2.726937133821980979e+02
1.980000000000000000e+02 1.987199741613882509e+02
3.660000000000000000e+02 3.573055857661347545e+02
5.000000000000000000e+01 5.987831689729901541e+01
3.850000000000000000e+02 3.741444603467542720e+02
3.410000000000000000e+02 3.329305612034749515e+02
8.000000000000000000e+01 8.885472038318029320e+01
1.540000000000000000e+02 1.574115159167534159e+02
3.050000000000000000e+02 2.994266114843124456e+02
3.810000000000000000e+02 3.696542985492730509e+02
2.200000000000000000e+02 2.182045225801948334e+02
1.000000000000000000e+02 1.059266107163485913e+02
2.240000000000000000e+02 2.232096478964959658e+02
2.450000000000000000e+02 2.431629131921984595e+02
7.200000000000000000e+01 7.854398285157196824e+01
2.790000000000000000e+02 2.759923237838635259e+02
2.110000000000000000e+02 2.107983425006672462e+02
1.770000000000000000e+02 1.777770760625081721e+02
5.000000000000000000e+01 5.930344037788340472e+01
8.500000000000000000e+01 9.243734609288254944e+01
1.140000000000000000e+02 1.194280263123695391e+02
3.950000000000000000e+02 3.836596235842152964e+02
3.610000000000000000e+02 3.521491322481153929e+02
1.420000000000000000e+02 1.452349089155562183e+02
1.590000000000000000e+02 1.620231130545639076e+02
1.320000000000000000e+02 1.369225892234964590e+02
2.230000000000000000e+02 2.218549801601352556e+02
1.560000000000000000e+02 1.591680669594087476e+02
2.010000000000000000e+02 2.013039535264654774e+02
1.840000000000000000e+02 1.854842109511797048e+02
3.550000000000000000e+02 3.461429045073244311e+02
2.390000000000000000e+02 2.361017632300350328e+02
3.180000000000000000e+02 3.131226133554017110e+02
1.180000000000000000e+02 1.239562169844547981e+02
3.110000000000000000e+02 3.053397889766283697e+02
3.300000000000000000e+02 3.231802353376291990e+02
3.800000000000000000e+02 3.705896315783743944e+02
1.400000000000000000e+02 1.446771628466464392e+02
3.540000000000000000e+02 3.459606156381233291e+02
1.090000000000000000e+02 1.159426222545468192e+02
2.200000000000000000e+01 3.411135219236489036e+01
1.290000000000000000e+02 1.330569206872369534e+02
1.370000000000000000e+02 1.415084255053072866e+02
1.180000000000000000e+02 1.235771110859599133e+02
3.530000000000000000e+02 3.448121298855272698e+02
1.110000000000000000e+02 1.166529734762600015e+02
2.210000000000000000e+02 2.194952889575425559e+02
1.130000000000000000e+02 1.180600539825123860e+02
1.910000000000000000e+02 1.913448248513246881e+02
1.240000000000000000e+02 1.288114569686055688e+02
3.700000000000000000e+01 4.737941537444307727e+01
2.500000000000000000e+01 3.661056504433793179e+01
5.500000000000000000e+01 6.339327254871557926e+01
4.400000000000000000e+01 5.354209948412938047e+01
1.970000000000000000e+02 1.982528320696985702e+02
3.390000000000000000e+02 3.313963269229683419e+02
2.730000000000000000e+02 2.695314447719616169e+02
1.490000000000000000e+02 1.517517904917520184e+02
9.400000000000000000e+01 9.794594836306994523e+01
8.900000000000000000e+01 9.660729384812684373e+01
1.550000000000000000e+02 1.584156587699613397e+02
1.880000000000000000e+02 1.887412918748699440e+02
3.850000000000000000e+02 3.734171648975677158e+02
3.950000000000000000e+02 3.829717793222682189e+02
3.830000000000000000e+02 3.723210634782071224e+02
2.610000000000000000e+02 2.584645248093043506e+02
3.710000000000000000e+02 3.611308222160951686e+02
2.630000000000000000e+02 2.608241572120023193e+02
2.160000000000000000e+02 2.152650162183248312e+02
8.900000000000000000e+01 9.579908634268618073e+01
1.030000000000000000e+02 1.089630345117056720e+02
3.650000000000000000e+02 3.564800281861228086e+02
1.020000000000000000e+02 1.045903763406447240e+02
2.690000000000000000e+02 2.659374934856374466e+02
1.650000000000000000e+02 1.645976520229377229e+02
2.070000000000000000e+02 2.066210826092270736e+02
3.900000000000000000e+01 4.901004141454851037e+01
2.610000000000000000e+02 2.580154235993739462e+02
2.740000000000000000e+02 2.708946734866830184e+02
5.900000000000000000e+01 6.756773475968759612e+01
3.030000000000000000e+02 2.975389815960382975e+02
9.800000000000000000e+01 1.042580100763899651e+02
3.820000000000000000e+02 3.716523954998503427e+02
3.070000000000000000e+02 3.024743500707119779e+02
3.580000000000000000e+02 3.489826158421385571e+02
2.220000000000000000e+02 2.208918875079475015e+02
2.140000000000000000e+02 2.125523288873964702e+02
2.030000000000000000e+02 2.027586618186881253e+02
3.940000000000000000e+02 3.824311694381614188e+02
7.400000000000000000e+01 8.208878700212733293e+01
2.150000000000000000e+02 2.135994629022150093e+02
9.700000000000000000e+01 1.048055886593629538e+02
3.610000000000000000e+02 3.526696195320871539e+02
2.700000000000000000e+02 2.664848755377458360e+02
5.200000000000000000e+01 6.264824313698597535e+01
2.660000000000000000e+02 2.624062997793874388e+02
3.930000000000000000e+02 3.817880878091583554e+02
2.620000000000000000e+02 2.582084766022969688e+02
2.290000000000000000e+02 2.267946169303152146e+02
1.230000000000000000e+02 1.278190451524114621e+02
2.710000000000000000e+02 2.668176807732574503e+02
2.340000000000000000e+02 2.316442202098500900e+02
3.300000000000000000e+01 4.335860818689543805e+01
3.340000000000000000e+02 3.279676920214726579e+02
1.820000000000000000e+02 1.830215606464734890e+02
1.730000000000000000e+02 1.753098360082963723e+02
2.580000000000000000e+02 2.564680868013041959e+02
3.750000000000000000e+02 3.648781392376591839e+02
3.580000000000000000e+02 3.488810975200408393e+02
1.620000000000000000e+02 1.649368686102084780e+02
2.560000000000000000e+02 2.535623123259061344e+02
3.300000000000000000e+01 4.352858609294963799e+01
8.200000000000000000e+01 8.904039897980966600e+01
2.450000000000000000e+02 2.427731546032964900e+02
1.310000000000000000e+02 1.346387234427242277e+02
2.300000000000000000e+02 2.287895862808126992e+02
3.780000000000000000e+02 3.674694261403948303e+02
4.500000000000000000e+01 5.499146575452544994e+01
1.660000000000000000e+02 1.688095962374582655e+02
1.130000000000000000e+02 1.149908798122658879e+02
2.420000000000000000e+02 2.397868976552853155e+02
8.900000000000000000e+01 9.634896444905743351e+01
3.700000000000000000e+01 4.745953837534840858e+01
1.580000000000000000e+02 1.607649567542128182e+02
3.860000000000000000e+02 3.760714862829248659e+02
3.280000000000000000e+02 3.220004139336933804e+02
3.180000000000000000e+02 3.122848578623806475e+02
3.700000000000000000e+01 4.707707023679584069e+01
8.000000000000000000e+01 8.482422719228830488e+01
3.560000000000000000e+02 3.483159098478792544e+02
2.500000000000000000e+01 3.676394800921096362e+01
2.500000000000000000e+01 3.630546564416441413e+01
3.050000000000000000e+02 2.992321914549620487e+02
7.800000000000000000e+01 8.338717223779178767e+01
3.140000000000000000e+02 3.081895353261251671e+02
1.240000000000000000e+02 1.294094976300006863e+02
2.950000000000000000e+02 2.901031676062235647e+02
5.900000000000000000e+01 6.885271517591834822e+01
3.520000000000000000e+02 3.432728597553962686e+02
1.610000000000000000e+02 1.606141410031976307e+02
6.500000000000000000e+01 7.365447085589828191e+01
6.800000000000000000e+01 7.637643730982996715e+01
1.610000000000000000e+02 1.639908427775886537e+02
2.990000000000000000e+02 2.938376127771662141e+02
1.630000000000000000e+02 1.646542262861170514e+02
3.510000000000000000e+02 3.433695290352426355e+02
7.000000000000000000e+01 7.998475813076990448e+01
1.660000000000000000e+02 1.687441017602248508e+02
1.010000000000000000e+02 1.049133011098078327e+02
9.500000000000000000e+01 1.014475703962709474e+02
1.270000000000000000e+02 1.317798945709315319e+02
3.570000000000000000e+02 3.481042635016505074e+02
1.180000000000000000e+02 1.193135920680833522e+02
1.280000000000000000e+02 1.331672908615840640e+02
3.690000000000000000e+02 3.605157355658362803e+02
6.400000000000000000e+01 7.026368617278252771e+01
3.840000000000000000e+02 3.731165176460817747e+02
2.420000000000000000e+02 2.401331745460940965e+02
3.800000000000000000e+01 4.782677973173716168e+01
1.580000000000000000e+02 1.611120279345834945e+02
1.170000000000000000e+02 1.227611326790976563e+02
2.380000000000000000e+02 2.355726266810821699e+02
5.500000000000000000e+01 6.415354087243991899e+01
3.220000000000000000e+02 3.152200962851659369e+02
2.230000000000000000e+02 2.210409347541591671e+02
2.190000000000000000e+02 2.177697859596874821e+02
1.530000000000000000e+02 1.560308253258762647e+02
1.440000000000000000e+02 1.475884345621907414e+02
9.500000000000000000e+01 9.955321494694641160e+01
2.030000000000000000e+02 2.034741602606569018e+02
2.040000000000000000e+02 2.039299351171663091e+02
2.410000000000000000e+02 2.383535574343480334e+02
1.220000000000000000e+02 1.274457063406699433e+02
2.900000000000000000e+01 4.011284871105236505e+01
2.700000000000000000e+01 3.850007674861975460e+01
2.340000000000000000e+02 2.327509005404827747e+02
3.920000000000000000e+02 3.810104463329125792e+02
3.630000000000000000e+02 3.543013083506208432e+02
1.560000000000000000e+02 1.581476261118244508e+02
1.470000000000000000e+02 1.498005424656032858e+02
7.400000000000000000e+01 8.120221253264834615e+01
4.000000000000000000e+02 3.877638180382422206e+02
1.190000000000000000e+02 1.236439905908351449e+02
1.100000000000000000e+02 1.156129703272097942e+02
1.520000000000000000e+02 1.556866016007417670e+02
1.270000000000000000e+02 1.317405257840594288e+02
3.260000000000000000e+02 3.211729907407774931e+02
1.310000000000000000e+02 1.352826511980189537e+02
3.930000000000000000e+02 3.812293111872831446e+02
1.890000000000000000e+02 1.905900836543762864e+02
9.700000000000000000e+01 1.030053230196863581e+02
1.220000000000000000e+02 1.274707257686178252e+02
1.150000000000000000e+02 1.206854344281243669e+02
1.340000000000000000e+02 1.373926249960320263e+02
5.600000000000000000e+01 6.364864321588915885e+01
1.440000000000000000e+02 1.450246943645731790e+02
6.100000000000000000e+01 6.904387705291510713e+01
1.190000000000000000e+02 1.244481318013606455e+02
1.150000000000000000e+02 1.212048605613172185e+02
6.700000000000000000e+01 7.693623152672390120e+01
6.900000000000000000e+01 7.662058261143207005e+01
1.270000000000000000e+02 1.317615636067610865e+02
3.440000000000000000e+02 3.361168705307820801e+02
2.070000000000000000e+02 2.066713264402542336e+02
1.780000000000000000e+02 1.801428816605075554e+02
8.900000000000000000e+01 9.561628779961866087e+01
1.100000000000000000e+02 1.162995245987124804e+02
1.160000000000000000e+02 1.205293774933501254e+02
1.390000000000000000e+02 1.431280574260305798e+02
1.410000000000000000e+02 1.452037051241671008e+02
3.600000000000000000e+01 4.629547345046172779e+01
6.900000000000000000e+01 7.447870743110681246e+01
1.600000000000000000e+02 1.629348990103836172e+02
8.800000000000000000e+01 9.473353539342048180e+01
7.400000000000000000e+01 7.898948980359706695e+01
1.220000000000000000e+02 1.268755290345313540e+02
2.050000000000000000e+02 2.029277329539252435e+02
1.270000000000000000e+02 1.313494297498398851e+02
1.650000000000000000e+02 1.667298994174604729e+02
1.010000000000000000e+02 1.066436373048246224e+02
3.600000000000000000e+02 3.515581934710661471e+02
1.840000000000000000e+02 1.856808446223047042e+02
1.440000000000000000e+02 1.479424277688600569e+02
